1448.0 vertices	2860.0 faces(triangles)
antenna_l ( 0, 7 )
antenna_r ( 8, 15 )
cube ( 16, 23 )
eye_l ( 24, 31 )
eye_r ( 32, 39 )
face ( 40, 47 )
foot_l ( 48, 696 )
foot_r ( 697, 1345 )
mouth ( 1346, 1447 )

vertices = [62.29,281.2,60.0,133.0,210.49,60.0,133.0,210.49,40.0,62.29,281.2,40.0,48.150000000000006,267.06,40.0,118.85999999999999,196.35000000000002,40.0,118.85999999999999,196.35000000000002,60.0,48.150000000000006,267.06,60.0,247.75,267.06,60.0,177.04000000000002,196.35000000000002,60.0,177.04000000000002,196.35000000000002,40.0,247.75,267.06,40.0,233.61,281.2,40.0,162.89999999999998,210.49,40.0,162.89999999999998,210.49,60.0,233.61,281.2,60.0,300.0,220.03,100.0,300.0,0.03,100.0,300.0,0.03,0.0,300.0,220.03,0.0,0.0,220.03,0.0,0.0,220.03,100.0,0.0,0.03,0.0,0.0,0.03,100.0,108.16000000000001,150.92000000000002,112.5,51.78,130.39999999999998,112.5,58.620000000000005,111.61,112.5,115.0,132.13,112.5,108.16000000000001,150.92000000000002,102.5,51.78,130.39999999999998,102.5,58.620000000000005,111.61,102.5,115.0,132.13,102.5,235.27,111.6,115.0,235.27,111.6,105.0,242.10999999999999,130.39999999999998,105.0,242.10999999999999,130.39999999999998,115.0,185.73000000000002,150.92000000000002,115.0,185.73000000000002,150.92000000000002,105.0,178.89,132.13,105.0,178.89,132.13,115.0,268.0,30.03,102.5,268.0,30.03,97.5,268.0,190.03,97.5,268.0,190.03,102.5,28.0,190.03,102.5,28.0,30.03,102.5,28.0,190.03,97.5,28.0,30.03,97.5,69.98,-12.350000000000001,55.949999999999996,69.12,-13.38,55.23,52.05,-4.5,33.36,68.08,-15.129999999999999,52.370000000000005,54.720000000000006,-4.5,32.120000000000005,67.2,-15.129999999999999,53.620000000000005,51.879999999999995,-3.01,33.07,69.93,-14.31,51.43,54.61,-3.01,31.810000000000002,69.19,-14.31,53.019999999999996,51.78,-1.5,32.9,54.54,-1.5,31.619999999999997,71.07000000000001,-13.38,51.849999999999994,70.24,-13.38,53.620000000000005,58.010000000000005,-10.009999999999998,33.879999999999995,60.5,-10.009999999999998,33.660000000000004,67.9,-15.83,48.0,67.78,-15.83,49.28,66.9,-15.83,51.7,57.87,-8.72,33.07,64.96000000000001,-16.88,48.78999999999999,60.5,-8.72,32.839999999999996,64.76,-16.88,49.55,66.12,-15.129999999999999,54.699999999999996,64.88000000000001,-15.129999999999999,55.58,57.75,-7.37,32.38,64.42,-16.88,50.26,63.49,-15.129999999999999,56.22,66.39,-16.419999999999998,49.04,60.5,-7.37,32.14,66.12,-16.419999999999998,50.05,57.64,-5.96,31.810000000000002,65.67999999999999,-16.419999999999998,50.99,60.5,-5.96,31.560000000000002,61.54,-16.419999999999998,53.89,64.2,-15.83,54.400000000000006,63.03,-15.83,54.95,62.830000000000005,-17.21,49.95,61.78,-15.83,55.279999999999994,62.45,-17.21,50.330000000000005,62.019999999999996,-17.21,50.629999999999995,53.33,-10.009999999999998,35.59,61.54,-17.21,50.86,55.599999999999994,-10.009999999999998,34.53,63.97,-16.88,50.910000000000004,52.92,-8.72,34.870000000000005,55.32,-8.72,33.76,65.09,-16.419999999999998,51.849999999999994,52.56999999999999,-7.37,34.260000000000005,61.82000000000001,-17.41,48.760000000000005,64.35,-16.419999999999998,52.59,61.67,-17.41,48.98,61.48,-17.41,49.17,69.25,0.03,63.16,63.54,0.03,65.22999999999999,66.49,0.03,64.44,63.36,-17.21,49.04,71.75,0.03,61.41,73.91,0.03,59.25,75.66,0.03,56.75,76.94,0.03,53.99,66.17,-15.83,52.75,77.72999999999999,0.03,44.96000000000001,76.94,0.03,42.01,77.72999999999999,0.03,51.04,78.0,0.03,48.0,57.46000000000001,0.03,65.22999999999999,60.5,0.03,65.5,65.25,-15.83,53.67,51.75,0.03,63.16,54.51,0.03,64.44,63.129999999999995,-17.21,49.519999999999996,45.339999999999996,0.03,56.75,47.089999999999996,0.03,59.25,44.059999999999995,0.03,53.99,49.25,0.03,61.41,43.0,0.03,48.0,43.269999999999996,0.03,44.96000000000001,43.269999999999996,0.03,51.04,47.38,-8.72,55.58,44.059999999999995,0.03,42.01,63.410000000000004,-16.88,51.47,63.54,0.03,30.77,75.66,0.03,39.25,73.91,0.03,36.75,71.75,0.03,34.59,69.25,0.03,32.839999999999996,66.49,0.03,31.560000000000002,62.76,-16.88,51.92,46.260000000000005,-8.72,53.17999999999999,51.75,0.03,32.839999999999996,57.46000000000001,0.03,30.77,54.51,0.03,31.560000000000002,60.5,0.03,30.5,49.25,0.03,34.59,47.089999999999996,0.03,36.75,45.339999999999996,0.03,39.25,47.03,-10.009999999999998,52.9,62.05,-16.88,52.26,46.760000000000005,-7.37,55.93,68.94999999999999,-4.5,62.64,45.599999999999994,-7.37,53.419999999999995,64.76,-16.88,46.449999999999996,63.49,-16.419999999999998,53.17999999999999,69.12,-3.01,62.93,64.96000000000001,-16.88,47.21,62.55,-16.419999999999998,53.620000000000005,49.42,-13.38,46.050000000000004,48.87,-12.350000000000001,43.769999999999996,46.260000000000005,-5.96,56.22,65.03,-16.88,48.0,69.22,-1.5,63.099999999999994,47.300000000000004,-11.22,45.67,45.05,-5.96,53.620000000000005,66.39,-16.419999999999998,46.959999999999994,66.28,-4.5,63.879999999999995,66.49,-16.419999999999998,48.0,63.440000000000005,-4.5,64.65,50.76,-13.38,42.38,50.23,-11.22,56.62,77.4,-4.5,48.0,66.39,-3.01,64.19,49.78,-12.350000000000001,41.81,77.15,-4.5,50.940000000000005,51.07,-14.31,51.43,55.08,-7.37,33.1,77.72999999999999,-3.01,48.0,77.47,-3.01,50.99,77.93,-1.5,48.0,52.28,-5.96,33.76,77.67,-1.5,51.03,54.88,-5.96,32.55,74.84,-10.009999999999998,48.0,60.5,-1.5,30.57,74.62,-10.009999999999998,50.49,57.510000000000005,-15.129999999999999,39.78,50.76,-13.38,53.620000000000005,63.49,-3.01,64.97,58.98,-15.129999999999999,39.38,49.93000000000001,-13.38,51.849999999999994,59.97,-17.21,45.010000000000005,60.5,-17.21,44.96000000000001,66.46,-1.5,64.38,61.03,-17.21,45.010000000000005,63.53,-1.5,65.17,51.02,-12.350000000000001,55.949999999999996,49.78,-12.350000000000001,54.19,48.87,-12.350000000000001,52.23,58.98,-17.21,45.37,68.43,-7.37,61.74,48.89,-11.22,54.699999999999996,47.9,-11.22,52.59,68.72,-5.96,62.24,58.949999999999996,-16.88,43.739999999999995,59.71,-16.88,43.54,65.4,-10.009999999999998,61.47,62.99,-10.009999999999998,62.12,65.67999999999999,-8.72,62.24,61.28999999999999,-16.88,43.54,63.129999999999995,-8.72,62.93,61.03,-17.21,50.99,60.5,-17.21,51.04,65.92,-7.37,62.9,59.97,-17.21,50.99,63.25,-7.37,63.620000000000005,59.459999999999994,-17.21,50.86,58.98,-17.21,50.629999999999995,58.17,-17.21,46.050000000000004,58.550000000000004,-17.21,45.67,66.12,-5.96,63.449999999999996,56.580000000000005,-16.88,45.739999999999995,57.03,-16.88,45.09,63.36,-5.96,64.19,57.59,-16.88,44.53,58.239999999999995,-16.88,44.080000000000005,75.14,-4.5,56.449999999999996,61.260000000000005,-17.41,49.32000000000001,60.5,-16.88,43.470000000000006,61.02,-17.41,49.42999999999999,60.76,-17.41,49.5,73.45,-4.5,58.87,59.459999999999994,-16.419999999999998,42.11,60.5,-17.41,49.53,60.24,-17.41,49.5,60.5,-16.419999999999998,42.01,75.43,-3.01,56.62,73.7,-3.01,59.080000000000005,75.6,-1.5,56.72,73.85,-1.5,59.21,71.71000000000001,-1.5,61.349999999999994,59.980000000000004,-17.41,49.42999999999999,59.74,-17.41,49.32000000000001,56.65,-16.419999999999998,43.410000000000004,59.519999999999996,-17.41,49.17,59.33,-17.41,48.98,57.510000000000005,-16.419999999999998,42.82,59.18,-17.41,48.760000000000005,72.11,-8.72,57.74,58.449999999999996,-16.419999999999998,42.38,72.64999999999999,-7.37,58.19,73.1,-5.96,58.57,56.8,-15.83,41.6,57.97,-15.83,41.050000000000004,58.550000000000004,-17.21,50.330000000000005,58.17,-17.21,49.95,76.38,-4.5,53.78,57.87,-17.21,49.519999999999996,57.64,-17.21,49.04,76.69,-3.01,53.89,52.28,-15.129999999999999,45.010000000000005,76.88,-1.5,53.96,57.03,-16.88,50.910000000000004,52.92,-15.129999999999999,43.620000000000005,56.580000000000005,-16.88,50.26,53.8,-15.129999999999999,42.38,73.97,-10.009999999999998,52.9,54.88,-15.129999999999999,41.3,72.91,-10.009999999999998,55.17,74.74000000000001,-8.72,53.17999999999999,51.81,-14.31,42.980000000000004,73.63000000000001,-8.72,55.58,52.809999999999995,-14.31,41.550000000000004,75.4,-7.37,53.419999999999995,57.64,-5.96,64.19,60.5,-17.470000000000002,48.0,47.9,-11.22,43.410000000000004,48.89,-11.22,41.3,55.599999999999994,-10.009999999999998,61.47,55.32,-8.72,62.24,55.08,-7.37,62.9,52.56999999999999,-7.37,61.74,54.88,-5.96,63.449999999999996,52.28,-5.96,62.24,73.45,-4.5,37.13,75.14,-4.5,39.55,73.7,-3.01,36.92,75.43,-3.01,39.38,73.85,-1.5,36.79,75.6,-1.5,39.28,72.91,-10.009999999999998,40.83,53.33,-10.009999999999998,60.410000000000004,72.11,-8.72,38.26,73.63000000000001,-8.72,40.42,51.28999999999999,-10.009999999999998,58.98,61.92999999999999,-17.41,47.480000000000004,52.92,-8.72,61.120000000000005,62.0,-17.41,47.74,62.03,-17.41,48.0,72.64999999999999,-7.37,37.81,62.0,-17.41,48.26,74.24000000000001,-7.37,40.06999999999999,61.92999999999999,-17.41,48.52,63.49,-17.21,47.47,60.5,-13.38,59.25,75.66,-8.72,48.0,73.1,-5.96,37.43,75.43,-8.72,50.629999999999995,58.550000000000004,-13.38,59.080000000000005,74.74000000000001,-5.96,39.78,60.5,-12.350000000000001,60.37,58.35,-12.350000000000001,60.19,76.36,-7.37,48.0,76.12,-7.37,50.75,76.94,-5.96,48.0,71.71000000000001,-1.5,34.65,60.5,-11.22,61.41,76.69,-5.96,50.86,69.71000000000001,-10.009999999999998,37.019999999999996,58.17,-11.22,61.2,71.47999999999999,-10.009999999999998,38.79,70.24,-8.72,36.39,70.69,-7.37,35.85,60.5,-15.129999999999999,56.75,76.38,-4.5,42.220000000000006,68.94999999999999,-4.5,33.36,58.98,-15.129999999999999,56.62,77.15,-4.5,45.06,60.5,-14.31,58.040000000000006,71.36999999999999,-4.5,35.05,76.69,-3.01,42.11,58.760000000000005,-14.31,57.89,77.47,-3.01,45.010000000000005,69.12,-3.01,33.07,57.07,-14.31,57.43000000000001,71.58,-3.01,34.8,54.88,-16.419999999999998,45.949999999999996,76.88,-1.5,42.04,77.67,-1.5,44.97,55.32,-16.419999999999998,45.010000000000005,60.5,-15.129999999999999,39.25,55.910000000000004,-16.419999999999998,44.15,53.550000000000004,-15.83,45.47,57.07,-14.31,38.57,54.1,-15.83,44.3,54.83,-15.83,43.25,73.97,-10.009999999999998,43.099999999999994,56.65,-13.38,58.57,74.62,-10.009999999999998,45.510000000000005,55.75,-15.83,42.33,58.760000000000005,-14.31,38.11,74.74000000000001,-8.72,42.82,60.5,-14.31,37.96,75.43,-8.72,45.37,56.65,-13.38,37.43,56.269999999999996,-12.350000000000001,59.63,58.550000000000004,-13.38,36.92,55.910000000000004,-11.22,60.599999999999994,75.4,-7.37,42.58,60.5,-13.38,36.75,53.8,-11.22,59.61,76.12,-7.37,45.25,43.6,-4.5,48.0,43.849999999999994,-4.5,50.940000000000005,55.480000000000004,-14.31,56.69,75.95,-5.96,42.38,54.88,-13.38,57.74,76.69,-5.96,45.14,53.269999999999996,-13.38,56.62,43.269999999999996,-3.01,48.0,59.22,-15.83,40.72,54.31,-12.350000000000001,58.72,60.5,-15.83,40.599999999999994,43.53,-3.01,50.99,52.55,-12.350000000000001,57.480000000000004,43.07000000000001,-1.5,48.0,51.879999999999995,-11.22,58.269999999999996,43.33,-1.5,51.03,71.75,-13.38,48.0,74.24000000000001,-7.37,55.93,72.87,-12.350000000000001,48.0,75.95,-5.96,53.620000000000005,72.69,-12.350000000000001,50.15,56.13,-15.129999999999999,40.42,74.74000000000001,-5.96,56.22,54.050000000000004,-14.31,40.309999999999995,73.91,-11.22,48.0,55.480000000000004,-14.31,39.31,46.16,-10.009999999999998,48.0,46.379999999999995,-10.009999999999998,50.49,73.7,-11.22,50.330000000000005,51.879999999999995,-13.38,40.769999999999996,71.36999999999999,-4.5,60.949999999999996,71.58,-3.01,61.2,45.339999999999996,-8.72,48.0,45.57000000000001,-8.72,50.629999999999995,63.54,-17.21,48.0,53.269999999999996,-13.38,39.38,63.49,-17.21,48.53,71.47999999999999,-10.009999999999998,57.21,44.64,-7.37,48.0,44.88,-7.37,50.75,52.55,-12.350000000000001,38.519999999999996,57.510000000000005,-15.129999999999999,56.22,44.059999999999995,-5.96,48.0,72.13,-12.350000000000001,43.769999999999996,72.69,-12.350000000000001,45.85,54.88,-13.38,38.26,44.31,-5.96,50.86,72.11,-11.22,41.3,60.5,-16.419999999999998,53.99,73.1,-11.22,43.410000000000004,54.31,-12.350000000000001,37.28,59.459999999999994,-16.419999999999998,53.89,73.7,-11.22,45.67,56.269999999999996,-12.350000000000001,36.37,60.5,-15.83,55.4,51.879999999999995,-11.22,37.730000000000004,58.97,-17.41,48.0,59.0,-17.41,47.74,43.849999999999994,-4.5,45.06,59.07,-17.41,47.480000000000004,53.8,-11.22,36.39,59.22,-15.83,55.279999999999994,61.48,-17.41,46.83,61.67,-17.41,47.019999999999996,57.97,-15.83,54.95,61.82000000000001,-17.41,47.24,44.62,-4.5,42.220000000000006,56.8,-15.83,54.400000000000006,43.53,-3.01,45.010000000000005,44.31,-3.01,42.11,63.129999999999995,-17.21,46.48,63.36,-17.21,46.959999999999994,59.07,-17.41,48.52,43.33,-1.5,44.97,59.0,-17.41,48.26,44.12,-1.5,42.04,68.08,-15.129999999999999,43.620000000000005,61.28999999999999,-16.88,52.46000000000001,68.72,-15.129999999999999,45.010000000000005,60.5,-16.88,52.53,46.379999999999995,-10.009999999999998,45.510000000000005,69.93,-14.31,44.57,59.71,-16.88,52.46000000000001,60.24,-17.41,46.5,47.03,-10.009999999999998,43.099999999999994,71.07000000000001,-13.38,44.15,60.5,-17.41,46.47,58.949999999999996,-16.88,52.26,60.76,-17.41,46.5,61.02,-17.41,46.57,61.260000000000005,-17.41,46.68,71.58,-13.38,46.050000000000004,45.57000000000001,-8.72,45.37,46.260000000000005,-8.72,42.82,67.2,-15.129999999999999,42.38,44.88,-7.37,45.25,68.19,-14.31,41.550000000000004,45.599999999999994,-7.37,42.58,69.19,-14.31,42.980000000000004,58.239999999999995,-16.88,51.92,57.59,-16.88,51.47,59.18,-17.41,47.24,44.31,-5.96,45.14,59.33,-17.41,47.019999999999996,59.519999999999996,-17.41,46.83,58.449999999999996,-16.419999999999998,53.620000000000005,59.74,-17.41,46.68,45.05,-5.96,42.38,59.980000000000004,-17.41,46.57,70.24,-13.38,42.38,57.510000000000005,-16.419999999999998,53.17999999999999,56.65,-16.419999999999998,52.59,71.22,-12.350000000000001,41.81,56.13,-15.129999999999999,55.58,66.9,-15.83,44.3,58.35,-12.350000000000001,35.81,67.45,-15.83,45.47,60.5,-12.350000000000001,35.63,55.910000000000004,-11.22,35.4,58.17,-11.22,34.8,66.12,-15.129999999999999,41.3,60.5,-11.22,34.59,64.42,-16.88,45.739999999999995,65.09,-16.419999999999998,44.15,65.67999999999999,-16.419999999999998,45.010000000000005,69.71000000000001,-10.009999999999998,58.98,67.67,-10.009999999999998,60.410000000000004,66.12,-16.419999999999998,45.949999999999996,57.510000000000005,-17.21,47.47,57.46000000000001,-17.21,48.0,57.64,-17.21,46.959999999999994,70.24,-8.72,59.61,68.08,-8.72,61.120000000000005,57.87,-17.21,46.48,61.54,-17.21,45.14,62.019999999999996,-17.21,45.37,70.69,-7.37,60.15,62.45,-17.21,45.67,71.07000000000001,-5.96,60.599999999999994,62.830000000000005,-17.21,46.050000000000004,62.05,-16.88,43.739999999999995,62.76,-16.88,44.080000000000005,72.13,-12.350000000000001,52.23,63.410000000000004,-16.88,44.53,63.97,-16.88,45.09,73.1,-11.22,52.59,72.11,-11.22,54.699999999999996,50.61,-14.31,49.74,49.42,-13.38,49.95,67.72999999999999,-13.38,56.62,48.31,-12.350000000000001,50.15,68.45,-12.350000000000001,57.480000000000004,66.69,-12.350000000000001,58.72,61.54,-16.419999999999998,42.11,47.300000000000004,-11.22,50.330000000000005,70.77,-11.22,56.62,69.12,-11.22,58.269999999999996,62.55,-16.419999999999998,42.38,67.2,-11.22,59.61,63.49,-16.419999999999998,42.82,64.35,-16.419999999999998,43.410000000000004,50.46,-14.31,48.0,50.61,-14.31,46.260000000000005,63.03,-15.83,41.050000000000004,62.45,-13.38,59.080000000000005,64.2,-15.83,41.6,64.73,-12.350000000000001,59.63,62.65,-12.350000000000001,60.19,65.25,-15.83,42.33,66.17,-15.83,43.25,65.09,-11.22,60.599999999999994,62.830000000000005,-11.22,61.2,62.019999999999996,-15.129999999999999,56.62,60.5,-4.5,64.9,65.52,-14.31,56.69,57.56,-4.5,64.65,63.93,-14.31,57.43000000000001,60.5,-3.01,65.22999999999999,62.24,-14.31,57.89,69.12,-15.129999999999999,49.519999999999996,57.510000000000005,-3.01,64.97,66.12,-13.38,57.74,68.72,-15.129999999999999,50.99,60.5,-1.5,65.43,64.35,-13.38,58.57,57.47,-1.5,65.17,54.720000000000006,-4.5,63.879999999999995,52.05,-4.5,62.64,68.19,-14.31,54.45,54.61,-3.01,64.19,51.879999999999995,-3.01,62.93,66.95,-14.31,55.69,57.510000000000005,-17.21,48.53,54.54,-1.5,64.38,71.22,-12.350000000000001,54.19,51.78,-1.5,63.099999999999994,54.88,-15.129999999999999,54.699999999999996,60.5,-10.009999999999998,62.34,58.010000000000005,-10.009999999999998,62.12,60.5,-8.72,63.16,54.050000000000004,-14.31,55.69,49.25,-13.38,48.0,57.87,-8.72,62.93,52.809999999999995,-14.31,54.45,51.879999999999995,-13.38,55.23,60.5,-7.37,63.86,48.129999999999995,-12.350000000000001,48.0,57.75,-7.37,63.620000000000005,47.089999999999996,-11.22,48.0,60.5,-5.96,64.44,53.8,-15.129999999999999,53.620000000000005,52.92,-15.129999999999999,52.370000000000005,51.81,-14.31,53.019999999999996,70.39,-14.31,49.74,55.910000000000004,-16.419999999999998,51.849999999999994,55.75,-15.83,53.67,54.83,-15.83,52.75,45.86,-4.5,39.55,54.1,-15.83,51.7,47.55,-4.5,37.13,45.57000000000001,-3.01,39.38,47.300000000000004,-3.01,36.92,51.879999999999995,-15.129999999999999,46.48,51.75,-15.129999999999999,48.0,49.63,-4.5,60.949999999999996,45.4,-1.5,39.28,52.28,-15.129999999999999,50.99,47.55,-4.5,58.87,47.15,-1.5,36.79,45.86,-4.5,56.449999999999996,51.879999999999995,-15.129999999999999,49.519999999999996,49.42,-3.01,61.2,48.09,-10.009999999999998,40.83,47.300000000000004,-3.01,59.080000000000005,45.57000000000001,-3.01,56.62,49.519999999999996,-10.009999999999998,38.79,49.290000000000006,-1.5,61.349999999999994,47.38,-8.72,40.42,47.15,-1.5,59.21,45.4,-1.5,56.72,56.239999999999995,-16.88,49.55,46.760000000000005,-7.37,40.06999999999999,56.04,-16.88,48.78999999999999,55.32,-16.419999999999998,50.99,46.260000000000005,-5.96,39.78,54.88,-16.419999999999998,50.05,49.519999999999996,-10.009999999999998,57.21,54.61,-16.419999999999998,49.04,50.76,-8.72,59.61,48.89,-8.72,57.74,48.89,-8.72,38.26,53.550000000000004,-15.83,50.53,50.76,-8.72,36.39,48.35,-7.37,37.81,50.309999999999995,-7.37,60.15,53.22,-15.83,49.28,50.309999999999995,-7.37,35.85,48.35,-7.37,58.19,49.93000000000001,-5.96,60.599999999999994,47.9,-5.96,37.43,47.9,-5.96,58.57,56.04,-16.88,47.21,55.970000000000006,-16.88,48.0,44.62,-4.5,53.78,56.239999999999995,-16.88,46.449999999999996,49.93000000000001,-5.96,35.4,44.31,-3.01,53.89,54.51,-16.419999999999998,48.0,54.61,-16.419999999999998,46.959999999999994,49.63,-4.5,35.05,49.42,-3.01,34.8,44.12,-1.5,53.96,49.290000000000006,-1.5,34.65,48.09,-10.009999999999998,55.17,51.02,-12.350000000000001,40.05,53.22,-15.83,46.72,53.099999999999994,-15.83,48.0,50.23,-11.22,39.38,51.07,-14.31,44.57,69.22,-1.5,32.9,49.93000000000001,-13.38,44.15,63.440000000000005,-4.5,31.349999999999998,59.459999999999994,-17.21,45.14,48.31,-12.350000000000001,45.85,66.28,-4.5,32.120000000000005,63.49,-3.01,31.03,66.39,-3.01,31.810000000000002,63.53,-1.5,30.830000000000002,71.58,-13.38,49.95,66.46,-1.5,31.619999999999997,69.12,-15.129999999999999,46.48,69.25,-15.129999999999999,48.0,67.67,-10.009999999999998,35.59,70.39,-14.31,46.260000000000005,68.08,-8.72,34.870000000000005,70.54,-14.31,48.0,68.43,-7.37,34.260000000000005,68.72,-5.96,33.76,71.07000000000001,-5.96,35.4,67.78,-15.83,46.72,62.99,-10.009999999999998,33.879999999999995,67.45,-15.83,50.53,65.4,-10.009999999999998,34.53,63.129999999999995,-8.72,33.07,65.67999999999999,-8.72,33.76,63.25,-7.37,32.38,65.92,-7.37,33.1,63.36,-5.96,31.810000000000002,66.12,-5.96,32.55,66.95,-14.31,40.309999999999995,67.72999999999999,-13.38,39.38,69.12,-13.38,40.769999999999996,68.45,-12.350000000000001,38.519999999999996,69.98,-12.350000000000001,40.05,70.77,-11.22,39.38,66.69,-12.350000000000001,37.28,67.2,-11.22,36.39,69.12,-11.22,37.730000000000004,62.019999999999996,-15.129999999999999,39.38,63.49,-15.129999999999999,39.78,64.88000000000001,-15.129999999999999,40.42,63.93,-14.31,38.57,65.52,-14.31,39.31,62.24,-14.31,38.11,62.45,-13.38,36.92,64.35,-13.38,37.43,66.12,-13.38,38.26,64.73,-12.350000000000001,36.37,61.78,-15.83,40.72,62.65,-12.350000000000001,35.81,62.830000000000005,-11.22,34.8,65.09,-11.22,35.4,51.28999999999999,-10.009999999999998,37.019999999999996,57.56,-4.5,31.349999999999998,60.5,-4.5,31.099999999999998,57.510000000000005,-3.01,31.03,60.5,-3.01,30.77,57.47,-1.5,30.830000000000002,246.91,0.03,59.25,248.66,0.03,56.75,249.94,0.03,53.99,227.51000000000002,0.03,64.44,250.73000000000002,0.03,44.96000000000001,249.94,0.03,42.01,250.73000000000002,0.03,51.04,251.0,0.03,48.0,239.39,-16.419999999999998,46.959999999999994,231.55,-13.38,59.080000000000005,233.5,-4.5,64.9,242.25,0.03,63.16,234.02,-17.41,46.57,221.31,-12.350000000000001,45.85,221.87,-12.350000000000001,43.769999999999996,222.42000000000002,-13.38,46.050000000000004,222.29,-1.5,61.349999999999994,231.97,-17.41,48.0,232.0,-17.41,47.74,232.07,-17.41,47.480000000000004,239.49,-16.419999999999998,48.0,236.54,0.03,65.22999999999999,239.49,0.03,64.44,227.54000000000002,-1.5,31.619999999999997,220.3,-11.22,45.67,230.45999999999998,0.03,65.22999999999999,233.5,0.03,65.5,235.45000000000002,-13.38,59.080000000000005,231.01,-10.009999999999998,33.879999999999995,230.56,-4.5,64.65,233.5,-12.350000000000001,60.37,218.4,-1.5,56.72,233.5,-3.01,65.22999999999999,231.35000000000002,-12.350000000000001,60.19,224.29,-10.009999999999998,58.98,230.51,-3.01,64.97,233.5,-10.009999999999998,33.660000000000004,224.81,-14.31,42.980000000000004,233.5,-1.5,65.43,233.5,-11.22,61.41,236.49,-17.21,47.47,223.76000000000002,-13.38,42.38,230.47,-1.5,65.17,230.87,-8.72,33.07,231.17000000000002,-11.22,61.2,236.54,-17.21,48.0,233.5,-8.72,32.839999999999996,222.77999999999997,-12.350000000000001,41.81,236.49,-17.21,48.53,222.51999999999998,-10.009999999999998,57.21,223.76000000000002,-8.72,59.61,221.89,-8.72,57.74,220.9,-11.22,43.410000000000004,238.03,-16.88,48.0,235.01999999999998,-15.129999999999999,56.62,227.71999999999997,-4.5,63.879999999999995,221.89,-11.22,41.3,223.31,-7.37,60.15,233.5,-15.129999999999999,56.75,227.60999999999999,-3.01,64.19,221.35000000000002,-7.37,58.19,231.98000000000002,-15.129999999999999,56.62,227.54000000000002,-1.5,64.38,222.93,-5.96,60.599999999999994,220.9,-5.96,58.57,236.13,-17.21,46.48,235.24,-14.31,57.89,233.5,-14.31,58.040000000000006,236.35999999999999,-17.21,46.959999999999994,231.76,-14.31,57.89,233.5,-10.009999999999998,62.34,231.01,-10.009999999999998,62.12,230.75,-7.37,32.38,217.62,-4.5,53.78,233.5,-8.72,63.16,233.5,-7.37,32.14,230.87,-8.72,62.93,217.31,-3.01,53.89,246.91,0.03,36.75,248.66,0.03,39.25,246.45,-4.5,37.13,248.14,-4.5,39.55,230.64,-5.96,31.810000000000002,233.5,-7.37,63.86,217.12,-1.5,53.96,246.70000000000002,-3.01,36.92,233.5,-5.96,31.560000000000002,248.43,-3.01,39.38,230.75,-7.37,63.620000000000005,233.5,-5.96,64.44,229.26999999999998,-12.350000000000001,59.63,221.09000000000003,-10.009999999999998,55.17,246.85,-1.5,36.79,248.6,-1.5,39.28,228.90999999999997,-11.22,60.599999999999994,220.03,-10.009999999999998,52.9,230.64,-5.96,64.19,226.8,-11.22,59.61,220.38,-8.72,55.58,226.32999999999998,-10.009999999999998,35.59,219.26,-8.72,53.17999999999999,245.91000000000003,-10.009999999999998,40.83,228.6,-10.009999999999998,34.53,246.63,-8.72,40.42,230.07000000000002,-14.31,57.43000000000001,228.6,-10.009999999999998,61.47,237.76,-16.88,46.449999999999996,219.76,-7.37,55.93,228.32,-8.72,62.24,228.48,-14.31,56.69,237.95999999999998,-16.88,47.21,218.6,-7.37,53.419999999999995,247.24,-7.37,40.06999999999999,225.92,-8.72,34.870000000000005,228.07999999999998,-7.37,62.9,229.65,-13.38,58.57,225.57,-7.37,61.74,228.32,-8.72,33.76,227.88,-5.96,63.449999999999996,227.88,-13.38,57.74,219.26,-5.96,56.22,246.1,-5.96,37.43,225.27999999999997,-5.96,62.24,247.74,-5.96,39.78,226.26999999999998,-13.38,56.62,225.57,-7.37,34.260000000000005,218.05,-5.96,53.620000000000005,227.31,-12.350000000000001,58.72,228.07999999999998,-7.37,33.1,244.75,0.03,61.41,232.07,-17.41,48.52,241.08,-15.129999999999999,43.620000000000005,232.0,-17.41,48.26,225.27999999999997,-5.96,33.76,227.88,-5.96,32.55,230.51,-17.21,47.47,224.88,-11.22,58.269999999999996,241.72,-15.129999999999999,45.010000000000005,230.45999999999998,-17.21,48.0,223.23000000000002,-11.22,56.62,242.93,-14.31,44.57,236.54,0.03,30.77,224.88,-13.38,55.23,239.49,0.03,31.560000000000002,242.25,0.03,32.839999999999996,230.51,-17.21,48.53,244.75,0.03,34.59,233.5,-1.5,30.57,242.71,-10.009999999999998,37.019999999999996,225.55,-12.350000000000001,57.480000000000004,224.02,-12.350000000000001,55.949999999999996,222.77999999999997,-12.350000000000001,54.19,244.48000000000002,-10.009999999999998,38.79,230.51,-15.129999999999999,39.78,221.89,-11.22,54.699999999999996,243.24,-8.72,36.39,231.98000000000002,-15.129999999999999,39.38,245.10999999999999,-8.72,38.26,233.5,-15.129999999999999,39.25,243.69,-7.37,35.85,245.65,-7.37,37.81,224.81,-14.31,53.019999999999996,235.01999999999998,-15.129999999999999,39.38,224.07,-14.31,51.43,232.18,-17.41,47.24,232.33,-17.41,47.019999999999996,223.76000000000002,-13.38,53.620000000000005,232.51999999999998,-17.41,46.83,230.51,-15.129999999999999,56.22,232.74,-17.41,46.68,222.93,-13.38,51.849999999999994,230.64,-17.21,46.959999999999994,234.54000000000002,-16.419999999999998,53.89,230.87,-17.21,46.48,244.37,-4.5,60.949999999999996,233.5,-16.419999999999998,53.99,224.75,0.03,63.16,241.95,-4.5,33.36,218.34,0.03,56.75,220.09,0.03,59.25,244.57999999999998,-3.01,61.2,217.06,0.03,53.99,222.25,0.03,61.41,216.0,0.03,48.0,216.26999999999998,0.03,44.96000000000001,216.26999999999998,0.03,51.04,244.71,-1.5,61.349999999999994,244.37,-4.5,35.05,217.06,0.03,42.01,232.45999999999998,-16.419999999999998,53.89,230.45999999999998,0.03,30.77,227.51000000000002,0.03,31.560000000000002,233.5,0.03,30.5,224.75,0.03,32.839999999999996,222.25,0.03,34.59,220.09,0.03,36.75,242.12,-3.01,33.07,218.34,0.03,39.25,234.78000000000003,-15.83,55.279999999999994,244.57999999999998,-3.01,34.8,233.5,-15.83,55.4,242.71,-10.009999999999998,58.98,244.07,-13.38,44.15,240.67000000000002,-10.009999999999998,60.410000000000004,242.22000000000003,-1.5,32.9,243.24,-8.72,59.61,244.57999999999998,-13.38,46.050000000000004,246.1,-5.96,58.57,241.08,-8.72,61.120000000000005,244.71,-1.5,34.65,248.14,-4.5,56.449999999999996,245.13000000000002,-12.350000000000001,43.769999999999996,246.45,-4.5,58.87,236.44,-4.5,31.349999999999998,245.69,-12.350000000000001,45.85,225.27999999999997,-15.129999999999999,50.99,243.69,-7.37,60.15,239.28,-4.5,32.120000000000005,248.43,-3.01,56.62,230.03,-16.88,50.910000000000004,246.70000000000002,-3.01,59.080000000000005,244.07,-5.96,60.599999999999994,229.57999999999998,-16.88,50.26,232.22000000000003,-15.83,55.279999999999994,230.97000000000003,-15.83,54.95,248.6,-1.5,56.72,229.24,-16.88,49.55,246.85,-1.5,59.21,241.19,-14.31,41.550000000000004,244.48000000000002,-10.009999999999998,57.21,242.19,-14.31,42.980000000000004,229.04,-16.88,48.78999999999999,221.87,-12.350000000000001,52.23,245.10999999999999,-8.72,57.74,220.9,-11.22,52.59,245.65,-7.37,58.19,228.32,-16.419999999999998,50.99,243.24,-13.38,42.38,236.49,-3.01,31.03,227.88,-16.419999999999998,50.05,244.22,-12.350000000000001,41.81,227.60999999999999,-16.419999999999998,49.04,231.76,-14.31,38.11,233.5,-14.31,37.96,226.55,-15.83,50.53,235.24,-14.31,38.11,245.10999999999999,-11.22,41.3,226.22,-15.83,49.28,231.55,-13.38,36.92,235.04999999999998,-16.88,52.26,233.5,-13.38,36.75,234.29,-16.88,52.46000000000001,249.38,-4.5,53.78,235.45000000000002,-13.38,36.92,233.5,-16.88,52.53,249.69,-3.01,53.89,239.12,-15.129999999999999,41.3,249.88,-1.5,53.96,240.2,-15.129999999999999,42.38,229.04,-16.88,47.21,246.97,-10.009999999999998,52.9,228.96999999999997,-16.88,48.0,238.09,-16.419999999999998,44.15,229.24,-16.88,46.449999999999996,245.91000000000003,-10.009999999999998,55.17,238.67999999999998,-16.419999999999998,45.010000000000005,247.74,-8.72,53.17999999999999,232.71,-16.88,52.46000000000001,239.39,-3.01,31.810000000000002,232.22000000000003,-15.83,40.72,246.63,-8.72,55.58,236.52999999999997,-1.5,30.830000000000002,231.95,-16.88,52.26,233.5,-15.83,40.599999999999994,239.46,-1.5,31.619999999999997,234.78000000000003,-15.83,40.72,231.23999999999998,-16.88,51.92,248.4,-7.37,53.419999999999995,230.59,-16.88,51.47,227.51000000000002,-16.419999999999998,48.0,227.60999999999999,-16.419999999999998,46.959999999999994,247.24,-7.37,55.93,248.95,-5.96,53.620000000000005,231.45,-16.419999999999998,53.620000000000005,247.74,-5.96,56.22,230.51,-16.419999999999998,53.17999999999999,240.67000000000002,-10.009999999999998,35.59,229.13,-15.129999999999999,40.42,241.08,-8.72,34.870000000000005,226.22,-15.83,46.72,227.04999999999998,-14.31,40.309999999999995,226.1,-15.83,48.0,241.43,-7.37,34.260000000000005,246.1,-11.22,52.59,241.72,-5.96,33.76,229.13,-15.129999999999999,55.58,244.07,-5.96,35.4,227.88,-15.129999999999999,54.699999999999996,240.73000000000002,-13.38,56.62,250.39999999999998,-4.5,48.0,241.45,-12.350000000000001,57.480000000000004,232.97,-17.21,45.010000000000005,226.8,-15.129999999999999,53.620000000000005,235.99,-10.009999999999998,33.879999999999995,225.92,-15.129999999999999,52.370000000000005,250.15,-4.5,50.940000000000005,243.76999999999998,-11.22,56.62,242.12,-11.22,58.269999999999996,233.5,-17.21,44.96000000000001,250.73000000000002,-3.01,48.0,238.4,-10.009999999999998,34.53,250.47,-3.01,50.99,234.02999999999997,-17.21,45.010000000000005,234.54000000000002,-17.21,45.14,227.04999999999998,-14.31,55.69,250.93,-1.5,48.0,236.13,-8.72,33.07,225.81,-14.31,54.45,250.67000000000002,-1.5,51.03,235.01999999999998,-17.21,45.37,237.73,-12.350000000000001,59.63,238.67999999999998,-8.72,33.76,235.65,-12.350000000000001,60.19,235.45000000000002,-17.21,45.67,240.2,-11.22,59.61,236.25,-7.37,32.38,238.09,-11.22,60.599999999999994,238.92,-7.37,33.1,247.83999999999997,-10.009999999999998,48.0,235.82999999999998,-11.22,61.2,236.35999999999999,-5.96,31.810000000000002,247.62,-10.009999999999998,50.49,229.65,-16.419999999999998,52.59,239.12,-5.96,32.55,248.66,-8.72,48.0,228.90999999999997,-16.419999999999998,51.849999999999994,248.43,-8.72,50.629999999999995,229.8,-15.83,54.400000000000006,228.75,-15.83,53.67,249.36,-7.37,48.0,234.29,-16.88,43.54,238.52,-14.31,56.69,227.83,-15.83,52.75,227.10000000000002,-15.83,51.7,249.12,-7.37,50.75,236.93,-14.31,57.43000000000001,235.04999999999998,-16.88,43.739999999999995,240.73000000000002,-13.38,39.38,249.94,-5.96,48.0,242.12,-13.38,40.769999999999996,249.69,-5.96,50.86,239.12,-13.38,57.74,241.45,-12.350000000000001,38.519999999999996,237.35,-13.38,58.57,242.98,-12.350000000000001,40.05,242.12,-11.22,37.730000000000004,242.12,-15.129999999999999,49.519999999999996,231.17000000000002,-17.21,46.050000000000004,239.12,-16.419999999999998,45.949999999999996,231.55,-17.21,45.67,239.69,-12.350000000000001,58.72,231.98000000000002,-17.21,45.37,243.76999999999998,-11.22,39.38,232.45999999999998,-17.21,45.14,216.6,-4.5,48.0,239.91,-15.83,44.3,216.85,-4.5,50.940000000000005,230.59,-16.88,44.53,240.45000000000002,-15.83,45.47,231.23999999999998,-16.88,44.080000000000005,216.26999999999998,-3.01,48.0,236.49,-15.129999999999999,39.78,241.19,-14.31,54.45,231.95,-16.88,43.739999999999995,237.88,-15.129999999999999,40.42,216.52999999999997,-3.01,50.99,242.12,-13.38,55.23,236.93,-14.31,38.57,244.22,-12.350000000000001,54.19,232.71,-16.88,43.54,216.07,-1.5,48.0,238.52,-14.31,39.31,216.32999999999998,-1.5,51.03,235.82999999999998,-17.21,46.050000000000004,242.98,-12.350000000000001,55.949999999999996,235.76,-16.88,44.080000000000005,239.95000000000002,-14.31,40.309999999999995,236.40999999999997,-16.88,44.53,245.10999999999999,-11.22,54.699999999999996,236.97,-16.88,45.09,237.42000000000002,-16.88,45.739999999999995,219.16,-10.009999999999998,48.0,233.5,-16.88,43.470000000000006,241.08,-15.129999999999999,52.370000000000005,219.38,-10.009999999999998,50.49,237.35,-13.38,37.43,233.5,-16.419999999999998,42.01,242.93,-14.31,51.43,241.72,-15.129999999999999,50.99,239.12,-13.38,38.26,234.54000000000002,-16.419999999999998,42.11,242.19,-14.31,53.019999999999996,243.39,-14.31,49.74,235.55,-16.419999999999998,42.38,237.73,-12.350000000000001,36.37,236.49,-16.419999999999998,42.82,244.07,-13.38,51.849999999999994,239.69,-12.350000000000001,37.28,237.35,-16.419999999999998,43.410000000000004,243.24,-13.38,53.620000000000005,236.03000000000003,-15.83,41.050000000000004,244.57999999999998,-13.38,49.95,237.2,-15.83,41.6,245.13000000000002,-12.350000000000001,52.23,245.69,-12.350000000000001,50.15,240.2,-11.22,36.39,230.51,-16.419999999999998,42.82,231.45,-16.419999999999998,42.38,249.38,-4.5,42.220000000000006,232.45999999999998,-16.419999999999998,42.11,250.15,-4.5,45.06,242.12,-15.129999999999999,46.48,249.69,-3.01,42.11,230.97000000000003,-15.83,41.050000000000004,235.65,-12.350000000000001,35.81,228.48,-14.31,39.31,250.47,-3.01,45.010000000000005,242.25,-15.129999999999999,48.0,230.07000000000002,-14.31,38.57,249.88,-1.5,42.04,243.39,-14.31,46.260000000000005,250.67000000000002,-1.5,44.97,243.54,-14.31,48.0,226.26999999999998,-13.38,39.38,218.34,-8.72,48.0,218.57,-8.72,50.629999999999995,244.75,-13.38,48.0,225.55,-12.350000000000001,38.519999999999996,246.97,-10.009999999999998,43.099999999999994,247.62,-10.009999999999998,45.510000000000005,217.64,-7.37,48.0,217.88,-7.37,50.75,247.74,-8.72,42.82,227.88,-13.38,38.26,248.43,-8.72,45.37,229.65,-13.38,37.43,240.78,-15.83,46.72,248.4,-7.37,42.58,227.31,-12.350000000000001,37.28,240.9,-15.83,48.0,225.27999999999997,-15.129999999999999,45.010000000000005,249.12,-7.37,45.25,229.26999999999998,-12.350000000000001,36.37,240.78,-15.83,49.28,225.92,-15.129999999999999,43.620000000000005,235.82999999999998,-11.22,34.8,238.09,-11.22,35.4,226.8,-15.129999999999999,42.38,227.88,-15.129999999999999,41.3,226.8,-11.22,36.39,248.95,-5.96,42.38,225.81,-14.31,41.550000000000004,249.69,-5.96,45.14,217.06,-5.96,48.0,239.39,-16.419999999999998,49.04,230.56,-4.5,31.349999999999998,239.12,-16.419999999999998,50.05,217.31,-5.96,50.86,233.5,-4.5,31.099999999999998,238.67999999999998,-16.419999999999998,50.99,231.35000000000002,-12.350000000000001,35.81,245.87,-12.350000000000001,48.0,233.5,-12.350000000000001,35.63,230.51,-3.01,31.03,240.45000000000002,-15.83,50.53,246.1,-11.22,43.410000000000004,233.5,-3.01,30.77,228.90999999999997,-11.22,35.4,216.85,-4.5,45.06,246.70000000000002,-11.22,45.67,231.17000000000002,-11.22,34.8,246.91,-11.22,48.0,217.62,-4.5,42.220000000000006,230.47,-1.5,30.830000000000002,233.5,-11.22,34.59,236.35999999999999,-17.21,49.04,246.70000000000002,-11.22,50.330000000000005,216.52999999999997,-3.01,45.010000000000005,236.13,-17.21,49.519999999999996,217.31,-3.01,42.11,216.32999999999998,-1.5,44.97,235.82999999999998,-17.21,49.95,217.12,-1.5,42.04,237.95999999999998,-16.88,48.78999999999999,227.71999999999997,-4.5,32.120000000000005,237.76,-16.88,49.55,227.60999999999999,-3.01,31.810000000000002,241.95,-4.5,62.64,237.42000000000002,-16.88,50.26,218.85999999999999,-4.5,39.55,219.38,-10.009999999999998,45.510000000000005,238.25,-15.83,42.33,236.97,-16.88,50.910000000000004,220.55,-4.5,37.13,220.03,-10.009999999999998,43.099999999999994,239.17000000000002,-15.83,43.25,218.57,-3.01,39.38,240.2,-15.129999999999999,53.620000000000005,220.3,-3.01,36.92,218.57,-8.72,45.37,239.12,-15.129999999999999,54.699999999999996,237.88,-15.129999999999999,55.58,219.26,-8.72,42.82,218.4,-1.5,39.28,236.49,-15.129999999999999,56.22,220.15,-1.5,36.79,235.45000000000002,-17.21,50.330000000000005,235.01999999999998,-17.21,50.629999999999995,217.88,-7.37,45.25,234.54000000000002,-17.21,50.86,218.6,-7.37,42.58,239.95000000000002,-14.31,55.69,221.09000000000003,-10.009999999999998,40.83,217.31,-5.96,45.14,234.02999999999997,-17.21,50.99,218.05,-5.96,42.38,222.51999999999998,-10.009999999999998,38.79,229.57999999999998,-16.88,45.739999999999995,233.5,-17.21,51.04,230.03,-16.88,45.09,220.38,-8.72,40.42,239.28,-4.5,63.879999999999995,227.88,-16.419999999999998,45.949999999999996,237.2,-15.83,54.400000000000006,228.32,-16.419999999999998,45.010000000000005,236.03000000000003,-15.83,54.95,236.44,-4.5,64.65,228.90999999999997,-16.419999999999998,44.15,224.88,-15.129999999999999,49.519999999999996,242.12,-3.01,62.93,224.29,-10.009999999999998,37.019999999999996,226.55,-15.83,45.47,221.89,-8.72,38.26,239.39,-3.01,64.19,223.61,-14.31,49.74,223.76000000000002,-8.72,36.39,227.10000000000002,-15.83,44.3,238.09,-16.419999999999998,51.849999999999994,221.35000000000002,-7.37,37.81,222.42000000000002,-13.38,49.95,236.49,-3.01,64.97,239.91,-15.83,51.7,223.31,-7.37,35.85,239.17000000000002,-15.83,52.75,221.31,-12.350000000000001,50.15,242.22000000000003,-1.5,63.099999999999994,220.9,-5.96,37.43,238.25,-15.83,53.67,239.46,-1.5,64.38,236.52999999999997,-1.5,65.17,220.3,-11.22,50.330000000000005,236.40999999999997,-16.88,51.47,219.76,-7.37,40.06999999999999,235.76,-16.88,51.92,229.65,-16.419999999999998,43.410000000000004,219.26,-5.96,39.78,227.83,-15.83,43.25,224.88,-15.129999999999999,46.48,228.75,-15.83,42.33,224.75,-15.129999999999999,48.0,229.8,-15.83,41.6,232.97,-17.21,50.99,237.35,-16.419999999999998,52.59,222.63000000000002,-4.5,35.05,223.46,-14.31,48.0,223.61,-14.31,46.260000000000005,225.04999999999998,-4.5,33.36,236.49,-16.419999999999998,53.17999999999999,222.42000000000002,-3.01,34.8,224.88,-3.01,33.07,241.43,-7.37,61.74,235.55,-16.419999999999998,53.620000000000005,225.04999999999998,-4.5,62.64,222.29,-1.5,34.65,241.72,-5.96,62.24,224.78000000000003,-1.5,32.9,222.25,-13.38,48.0,224.88,-3.01,62.93,226.32999999999998,-10.009999999999998,60.410000000000004,225.92,-8.72,61.120000000000005,224.78000000000003,-1.5,63.099999999999994,221.13,-12.350000000000001,48.0,222.93,-5.96,35.4,234.82,-17.41,48.760000000000005,234.67,-17.41,48.98,234.48000000000002,-17.41,49.17,234.26,-17.41,49.32000000000001,222.63000000000002,-4.5,60.949999999999996,224.88,-13.38,40.769999999999996,220.55,-4.5,58.87,224.02,-12.350000000000001,40.05,218.85999999999999,-4.5,56.449999999999996,220.09,-11.22,48.0,222.42000000000002,-3.01,61.2,220.3,-3.01,59.080000000000005,233.5,-13.38,59.25,218.57,-3.01,56.62,238.4,-10.009999999999998,61.47,235.99,-10.009999999999998,62.12,223.23000000000002,-11.22,39.38,238.67999999999998,-8.72,62.24,224.07,-14.31,44.57,224.88,-11.22,37.730000000000004,236.13,-8.72,62.93,220.15,-1.5,59.21,238.92,-7.37,62.9,222.93,-13.38,44.15,236.25,-7.37,63.620000000000005,239.12,-5.96,63.449999999999996,236.35999999999999,-5.96,64.19,234.02,-17.41,49.42999999999999,233.76000000000002,-17.41,49.5,233.5,-17.41,49.53,233.24,-17.41,49.5,232.98,-17.41,49.42999999999999,232.45999999999998,-17.21,50.86,231.98000000000002,-17.21,50.629999999999995,231.55,-17.21,50.330000000000005,231.17000000000002,-17.21,49.95,232.74,-17.41,49.32000000000001,232.51999999999998,-17.41,49.17,232.33,-17.41,48.98,232.18,-17.41,48.760000000000005,230.87,-17.21,49.519999999999996,230.64,-17.21,49.04,234.92999999999998,-17.41,47.480000000000004,235.0,-17.41,47.74,235.03,-17.41,48.0,235.0,-17.41,48.26,234.92999999999998,-17.41,48.52,233.5,-17.470000000000002,48.0,234.26,-17.41,46.68,234.48000000000002,-17.41,46.83,234.67,-17.41,47.019999999999996,234.82,-17.41,47.24,232.98,-17.41,46.57,233.24,-17.41,46.5,233.5,-17.41,46.47,233.76000000000002,-17.41,46.5,179.21099999999998,69.646,112.5,139.32999999999998,67.247,112.5,137.23000000000002,64.707,112.5,154.52,70.217,112.5,155.92000000000002,67.247,112.5,155.92000000000002,67.247,102.5,154.52,70.217,102.5,121.92999999999999,62.777,102.5,124.99000000000001,61.567,102.5,103.25,68.187,112.5,102.887,68.233,112.5,124.99000000000001,61.567,112.5,119.27,64.707,102.5,178.07999999999998,67.247,112.5,154.255,71.60300000000001,112.5,139.32999999999998,67.247,102.5,179.21099999999998,69.646,102.5,137.23000000000002,64.707,102.5,154.45,72.627,112.5,154.277,75.39699999999999,112.5,178.07999999999998,67.247,102.5,134.57,62.777,112.5,134.57,62.777,102.5,160.47,48.857,102.5,154.255,71.60300000000001,102.5,160.47,48.857,112.5,167.0,48.027,112.5,167.0,48.027,102.5,154.45,72.627,102.5,175.98,64.707,102.5,140.995,71.60300000000001,102.5,154.277,75.39699999999999,102.5,175.98,64.707,112.5,140.8,72.627,102.5,140.973,75.39699999999999,102.5,131.51,61.567,112.5,131.51,61.567,102.5,121.92999999999999,62.777,112.5,103.28,66.167,112.5,173.32,62.777,112.5,173.32,62.777,102.5,119.27,64.707,112.5,128.25,61.157000000000004,102.5,128.25,61.157000000000004,112.5,117.17,67.247,112.5,117.17,67.247,102.5,121.72,48.857,112.5,154.35,51.277,102.5,154.35,51.277,112.5,115.969,69.795,102.5,170.26,61.567,112.5,115.969,69.795,112.5,106.09,60.206999999999994,112.5,170.26,61.567,102.5,110.28,55.147000000000006,112.5,115.60000000000001,51.277,112.5,140.73000000000002,70.217,102.5,134.78,48.857,102.5,191.97,66.167,102.5,134.78,48.857,112.5,191.97,66.167,112.5,128.25,48.027,112.5,128.25,48.027,102.5,192.394,68.395,102.5,192.394,68.395,112.5,140.9,51.277,102.5,140.9,51.277,112.5,149.03,55.147000000000006,102.5,149.03,55.147000000000006,112.5,190.75,68.187,112.5,190.75,68.187,102.5,146.22,55.147000000000006,102.5,146.22,55.147000000000006,112.5,147.625,56.844,112.5,147.625,56.844,102.5,102.887,68.233,102.5,167.0,61.157000000000004,112.5,167.0,61.157000000000004,102.5,103.28,66.167,102.5,173.53000000000003,48.857,102.5,173.53000000000003,48.857,112.5,103.25,68.187,102.5,179.65,51.277,102.5,179.65,51.277,112.5,184.97,55.147000000000006,102.5,184.97,55.147000000000006,112.5,189.16,60.206999999999994,102.5,189.16,60.206999999999994,112.5,106.09,60.206999999999994,102.5,110.28,55.147000000000006,102.5,115.60000000000001,51.277,102.5,163.73999999999998,61.567,102.5,163.73999999999998,61.567,112.5,121.72,48.857,102.5,160.68,62.777,102.5,160.68,62.777,112.5,158.01999999999998,64.707,102.5,158.01999999999998,64.707,112.5,140.973,75.39699999999999,112.5,140.8,72.627,112.5,140.995,71.60300000000001,112.5,140.73000000000002,70.217,112.5,];
faces=[0,1,2,0,2,3,4,5,6,4,6,7,3,4,7,3,7,0,1,6,5,1,5,2,5,4,2,3,2,4,7,6,1,7,1,0,8,9,10,8,10,11,12,13,14,12,14,15,15,8,11,15,11,12,13,10,9,13,9,14,9,8,14,15,14,8,11,10,13,11,13,12,16,17,18,16,18,19,19,20,21,19,21,16,20,22,23,20,23,21,17,23,22,17,22,18,19,18,22,19,22,20,21,23,17,21,17,16,24,25,26,24,26,27,24,28,29,24,29,25,26,30,31,26,31,27,27,31,28,27,28,24,25,29,30,25,30,26,29,28,30,31,30,28,32,33,34,32,34,35,36,37,38,36,38,39,35,36,39,35,39,32,37,34,38,33,38,34,35,34,37,35,37,36,39,38,33,39,33,32,40,41,42,40,42,43,43,44,45,43,45,40,44,46,47,44,47,45,41,47,46,41,46,42,45,47,41,45,41,40,43,42,46,43,46,44,514,510,48,54,56,50,50,56,52,628,54,50,60,61,55,55,61,57,51,547,53,57,547,51,54,59,56,58,59,54,58,140,59,138,140,58,49,57,61,67,69,62,62,69,63,61,48,49,66,660,51,51,53,66,73,77,67,67,77,69,76,78,68,68,78,70,67,94,73,73,81,77,79,81,73,77,664,69,533,71,550,70,80,74,78,80,70,533,72,71,80,95,74,75,72,535,535,537,75,78,66,80,692,693,79,79,693,81,83,116,72,87,85,92,116,71,72,129,136,87,72,75,83,83,75,84,87,136,88,93,94,89,88,146,90,531,86,84,93,173,94,75,531,84,89,94,91,91,67,62,74,95,92,94,67,91,101,125,103,118,114,125,108,142,107,106,107,142,112,142,108,105,125,101,80,66,109,110,142,113,80,109,95,111,139,110,113,142,112,114,115,125,109,116,98,109,98,95,102,125,115,103,125,102,83,98,116,66,53,109,123,122,121,117,122,123,120,121,122,143,144,105,105,106,142,109,53,116,71,116,53,117,118,122,119,85,97,126,122,118,128,125,105,125,124,118,124,126,118,119,92,85,129,87,92,127,632,605,134,135,133,132,133,135,131,132,135,131,135,111,130,111,135,97,85,99,98,129,92,99,85,100,87,100,85,130,141,111,111,141,139,140,110,139,138,110,140,142,110,138,129,151,136,143,105,142,128,105,144,100,88,224,87,88,100,136,146,88,395,70,104,119,104,74,70,74,104,147,149,127,436,90,146,147,161,149,119,74,92,152,148,389,92,95,98,127,149,137,151,129,98,390,152,389,151,154,136,430,150,153,151,84,154,83,84,151,136,154,146,153,164,158,154,82,146,159,152,390,395,393,68,159,190,152,161,147,157,158,68,393,151,98,83,190,159,103,153,150,162,84,86,154,154,86,82,164,153,162,158,164,76,158,76,68,152,169,148,190,169,152,93,611,96,162,64,164,96,173,93,166,170,633,96,179,173,177,179,96,174,175,168,173,73,94,168,175,171,171,256,253,173,79,73,175,256,171,176,174,329,174,178,175,174,176,178,179,79,173,113,112,176,50,52,177,176,112,178,177,52,179,52,692,179,148,169,163,169,185,163,163,185,165,169,192,185,190,192,169,192,542,185,194,195,184,101,103,159,103,102,190,190,102,192,184,195,187,102,115,192,195,509,187,167,198,193,193,198,194,194,199,195,225,189,188,198,199,194,199,513,195,191,499,493,148,163,200,188,202,225,202,232,225,206,191,189,88,90,224,203,207,204,208,226,90,206,189,225,205,207,203,191,206,499,436,438,208,208,438,209,210,212,205,212,207,205,220,212,210,197,217,210,214,459,251,200,217,197,458,459,214,217,220,210,216,215,221,219,221,215,208,90,436,216,221,222,163,217,200,196,216,222,222,201,196,217,165,220,209,441,211,163,165,217,165,532,220,219,240,221,458,214,213,530,204,556,178,112,108,222,246,201,246,229,201,202,201,229,233,234,223,223,234,228,232,202,229,90,226,224,227,226,208,208,209,227,234,390,228,230,227,209,211,231,230,209,211,230,233,236,234,231,213,238,235,236,233,231,211,213,390,234,237,236,237,234,232,369,687,239,272,238,235,106,236,107,106,235,243,221,240,236,106,237,105,237,106,105,101,237,221,243,222,243,246,222,213,214,238,238,214,239,214,251,239,239,251,241,248,247,376,243,240,249,241,251,242,242,254,244,248,497,247,243,250,246,254,255,244,243,249,250,223,228,381,381,228,248,228,497,248,242,251,252,252,254,242,253,233,223,256,233,253,175,178,258,258,256,175,258,235,256,252,251,259,459,259,251,259,261,252,256,235,233,178,108,258,260,269,262,267,269,260,258,108,235,107,235,108,252,261,254,599,254,261,637,267,257,257,267,260,263,268,265,266,268,263,268,245,265,262,269,264,382,264,269,261,259,602,264,384,380,245,396,265,97,99,272,156,273,274,99,100,272,100,224,272,224,226,272,274,170,156,226,227,272,636,633,170,227,230,272,274,636,170,230,231,272,231,238,272,277,278,276,433,415,272,415,416,272,279,280,277,416,418,272,277,280,278,462,463,272,465,272,463,545,279,271,279,546,280,281,284,282,283,284,281,285,286,283,283,286,284,312,133,285,132,285,133,132,131,285,285,131,286,293,607,288,290,348,287,293,288,275,275,276,293,287,348,343,272,294,295,288,607,291,295,297,272,296,298,289,608,605,607,272,297,299,276,278,293,272,299,97,298,290,289,303,306,296,180,304,182,301,308,305,307,308,301,302,304,180,304,266,182,296,306,298,182,266,263,303,282,306,281,282,303,302,310,304,308,352,305,282,321,306,309,310,302,304,270,266,281,303,326,310,270,304,332,283,326,283,312,285,311,314,309,313,316,307,309,314,310,314,378,310,307,316,308,317,315,289,318,289,315,317,290,287,289,290,317,311,171,314,168,171,311,289,318,296,319,296,318,253,314,171,253,378,314,303,296,657,319,657,296,657,326,303,282,284,327,330,332,322,322,332,326,325,328,320,327,321,282,327,329,321,267,388,269,166,388,267,321,329,324,320,328,323,324,174,168,328,331,323,329,174,324,327,284,334,284,286,334,327,335,329,218,338,219,334,335,327,336,338,218,335,176,329,338,240,219,325,537,301,334,286,111,183,347,186,131,111,286,339,341,333,183,340,347,111,110,334,334,110,335,186,349,337,335,113,176,325,301,305,186,347,349,333,341,336,110,113,335,328,325,305,341,342,336,331,328,344,341,262,342,336,342,338,305,344,328,342,346,240,342,240,338,240,346,249,339,634,257,343,350,345,305,352,344,341,339,260,348,350,343,350,302,345,339,257,260,352,368,344,260,262,341,340,351,353,262,264,346,262,346,342,351,474,353,345,302,180,290,298,355,308,354,352,347,340,353,380,346,264,316,354,308,347,356,349,354,357,352,290,355,348,347,353,356,354,288,357,355,358,348,557,275,316,350,348,358,316,275,354,358,309,350,275,288,354,288,291,357,357,291,373,350,309,302,355,298,362,353,476,356,331,344,363,298,306,362,362,364,355,361,331,363,361,365,559,363,365,361,358,355,364,367,246,250,358,311,309,344,368,363,229,246,367,364,311,358,229,367,369,368,371,363,362,306,321,368,373,371,357,373,368,232,229,369,360,366,359,363,371,365,362,324,364,370,366,360,321,324,362,249,346,380,368,352,357,324,168,364,364,168,311,183,250,249,266,376,268,270,376,266,268,247,245,186,367,250,374,372,370,186,250,183,268,376,247,367,186,337,367,337,369,310,378,270,370,372,366,372,124,125,377,379,375,378,381,270,378,223,381,249,380,183,270,381,376,374,124,372,126,124,374,264,382,384,381,248,376,383,387,377,380,340,183,377,387,379,380,384,340,253,223,378,383,411,180,228,389,497,148,497,389,390,389,228,292,300,294,294,300,393,145,392,386,159,390,237,153,300,430,145,137,392,392,391,386,294,393,295,295,395,297,159,237,101,295,393,395,382,388,394,269,388,382,299,297,104,382,394,404,386,391,385,395,104,297,299,104,119,193,371,167,137,149,398,299,119,97,382,404,384,373,291,167,605,167,291,340,384,351,384,404,351,531,320,86,137,398,392,153,158,300,398,397,392,394,633,399,633,394,388,383,182,387,383,180,182,320,323,413,392,397,391,420,323,400,387,182,263,461,397,401,387,263,504,633,636,399,400,323,331,331,361,400,149,161,405,445,272,442,400,361,472,445,447,272,405,398,149,447,448,272,398,401,397,409,404,394,448,449,272,405,401,398,449,421,272,421,422,272,408,411,402,399,409,394,404,409,412,422,424,272,393,300,158,424,292,272,161,360,405,292,294,272,351,404,412,360,359,405,474,351,412,82,86,413,405,359,401,395,68,70,413,407,82,414,419,399,407,420,410,413,420,407,417,401,359,409,399,419,417,428,425,420,423,410,419,477,409,366,427,359,239,241,272,417,359,427,496,422,421,272,241,242,422,429,424,427,428,417,89,419,414,272,242,244,691,89,414,86,320,413,424,430,292,431,272,244,424,429,430,413,323,420,366,432,427,300,292,430,431,433,272,372,432,366,432,434,427,420,400,423,487,416,415,415,488,487,429,150,430,427,434,428,128,434,432,426,555,574,125,432,372,435,440,437,125,128,432,436,407,438,453,457,435,488,415,433,435,457,440,441,209,438,439,443,160,441,446,211,451,452,439,439,452,443,443,273,160,440,444,450,213,211,446,652,440,450,82,436,146,439,385,451,391,451,385,442,188,189,444,403,450,436,82,407,445,442,189,402,403,444,407,410,438,445,191,447,403,377,450,445,189,191,441,438,410,493,448,447,447,191,493,391,454,451,391,397,454,453,668,455,451,456,452,453,455,457,464,410,423,454,456,451,449,494,496,446,458,213,449,496,421,418,460,272,272,460,462,410,464,441,461,454,397,441,464,446,454,466,456,465,467,272,446,469,458,467,442,272,461,466,454,455,468,457,464,469,446,458,470,459,457,444,440,469,470,458,457,468,444,259,459,573,470,573,459,215,462,460,215,463,462,402,468,471,423,426,464,471,408,402,464,426,469,402,444,468,426,574,469,469,574,470,672,406,471,406,408,471,476,353,474,528,453,435,477,412,409,473,435,437,473,437,475,477,478,412,477,62,478,474,412,478,474,480,476,668,453,479,474,478,480,480,689,476,89,91,419,91,477,419,481,483,486,481,486,150,486,162,150,527,528,482,482,473,483,416,489,418,490,484,245,484,396,245,473,482,528,490,491,484,483,475,486,487,489,416,489,492,418,483,473,475,485,484,491,486,475,658,486,658,162,491,205,485,492,460,418,492,215,460,485,205,203,494,448,493,492,219,215,247,495,245,490,245,495,490,197,491,494,449,448,495,197,490,197,210,491,491,210,205,497,495,247,497,200,495,422,496,498,498,429,422,495,200,197,497,148,200,494,493,500,493,499,500,494,502,496,494,500,502,461,401,417,417,425,461,504,501,379,498,496,503,502,503,496,461,425,466,498,503,481,379,387,504,504,505,501,585,172,506,429,498,481,481,150,429,172,187,507,504,265,505,516,499,206,263,265,504,499,518,500,507,506,172,265,396,505,499,516,518,187,509,507,502,482,503,510,511,508,503,482,483,508,49,510,49,48,510,503,483,481,512,225,232,512,206,225,553,505,514,206,512,516,195,513,509,510,514,515,515,517,510,510,517,511,386,513,199,500,519,502,386,385,513,505,396,514,500,518,519,396,484,515,396,515,514,482,502,519,515,485,517,512,232,687,484,485,515,485,203,517,512,522,516,512,687,522,516,522,524,516,524,518,518,524,527,526,307,523,526,313,307,518,527,519,530,313,526,527,482,519,523,307,301,529,530,525,679,479,524,525,530,526,479,527,524,528,527,453,479,453,527,473,528,435,203,529,517,529,204,530,529,203,204,402,411,403,530,556,313,117,554,118,403,383,377,411,383,403,408,406,343,532,534,568,411,408,345,72,533,535,343,345,408,536,532,165,75,537,531,345,180,411,165,185,536,65,64,538,536,539,532,531,325,320,537,325,531,550,508,540,532,539,534,65,538,541,539,548,534,533,550,540,533,543,535,185,542,536,540,543,533,536,544,539,523,535,543,542,544,536,535,523,537,523,301,537,511,540,508,115,542,192,115,114,542,540,511,525,542,114,544,540,525,543,526,523,543,534,545,271,534,548,545,525,526,543,529,525,511,511,517,529,546,279,545,545,549,546,71,53,550,547,550,53,548,549,545,57,49,547,255,431,244,550,547,508,431,255,551,547,49,508,544,552,539,433,431,551,539,552,548,433,551,488,60,553,61,552,554,548,60,501,553,548,554,549,551,621,488,553,48,61,505,553,501,514,48,553,118,552,544,114,118,544,472,426,423,552,118,554,423,400,472,117,123,554,555,426,472,316,313,557,313,556,557,204,207,558,472,559,555,361,559,472,558,556,204,507,560,506,569,555,562,559,562,555,556,561,557,558,561,556,561,276,557,365,563,562,562,559,365,276,561,277,184,562,563,557,276,275,560,520,506,207,212,564,558,207,564,558,566,561,563,365,193,371,193,365,507,509,565,564,566,558,194,184,563,193,194,563,507,565,560,566,277,561,373,167,371,565,567,160,568,564,212,160,567,439,220,568,212,568,271,564,569,570,575,568,534,271,567,565,509,564,271,566,509,513,567,566,279,277,271,279,566,439,567,385,220,532,568,571,569,562,65,541,660,570,569,571,51,660,541,385,567,513,172,585,570,571,172,570,477,91,62,62,63,478,571,562,184,571,187,172,478,63,480,184,187,571,602,259,573,470,574,573,575,573,574,575,577,573,489,487,623,576,466,425,489,218,492,623,218,489,579,580,576,574,555,575,569,575,555,576,580,578,575,570,577,492,218,219,570,585,577,579,576,425,428,579,425,597,595,121,579,587,580,629,628,580,280,546,583,428,434,584,257,634,581,144,584,128,583,617,280,584,579,428,584,587,579,631,629,587,580,587,629,434,128,584,584,143,587,546,549,590,144,143,584,142,631,143,590,583,546,589,520,582,590,592,586,590,586,583,591,274,273,586,593,588,582,520,521,273,443,591,592,593,586,582,521,581,506,589,585,595,590,549,591,443,596,549,554,595,443,452,596,592,590,597,595,597,590,597,598,592,506,520,589,599,255,254,600,596,452,255,601,551,592,598,593,452,456,600,599,601,255,600,612,596,601,621,551,595,554,123,123,121,595,121,120,597,261,602,604,597,120,598,603,600,456,600,603,618,599,261,604,632,167,605,599,606,601,604,606,599,603,576,578,603,578,618,291,607,605,573,577,602,591,609,594,596,609,591,602,610,604,611,691,594,609,611,594,577,610,602,293,278,613,610,614,604,617,613,278,596,612,609,613,607,293,611,609,615,612,615,609,613,616,608,613,608,607,604,614,606,96,611,615,616,147,608,610,589,614,278,280,617,600,618,612,616,613,619,617,619,613,619,157,616,577,585,610,618,624,612,615,612,624,616,157,147,585,589,610,589,582,614,578,628,618,617,583,619,586,619,583,603,456,466,620,487,488,588,157,619,586,588,619,603,466,576,488,621,620,157,588,622,620,623,487,161,157,622,622,360,161,624,177,615,593,625,588,177,624,50,588,625,622,177,96,615,625,370,622,621,626,627,624,618,628,370,625,374,622,370,360,628,50,624,578,580,628,625,593,630,598,630,593,629,54,628,627,620,621,630,374,625,627,333,620,631,58,629,627,626,634,598,120,122,630,598,122,122,126,630,142,138,631,126,374,630,58,631,138,620,333,623,632,198,167,629,58,54,623,336,218,587,143,631,333,336,623,626,621,601,632,145,198,601,606,626,127,137,632,388,166,633,632,137,145,635,634,626,198,145,199,627,339,333,145,386,199,634,339,627,414,399,636,605,608,127,606,614,635,608,147,127,581,521,637,606,635,626,637,257,581,281,326,283,635,581,634,520,560,155,635,582,581,155,521,520,330,645,638,330,312,332,637,521,639,638,312,330,312,283,332,614,582,635,639,521,155,639,166,637,638,133,312,463,215,216,156,639,155,134,133,638,196,465,463,639,170,166,156,170,639,463,216,196,166,267,637,641,467,465,642,155,560,465,196,641,560,565,642,642,156,155,188,467,641,565,160,642,201,641,196,642,273,156,641,202,188,160,273,642,641,201,202,594,274,591,188,442,467,538,650,572,274,594,636,640,693,644,572,55,538,414,636,594,640,645,643,647,572,654,644,645,640,60,55,572,643,330,322,541,538,55,645,330,643,55,57,541,541,57,51,646,648,644,135,648,646,130,135,646,647,60,572,644,648,645,375,379,647,648,638,645,379,501,647,501,60,647,475,437,649,648,135,638,134,638,135,650,538,64,652,649,437,437,440,652,649,654,650,653,651,661,652,654,649,663,653,661,654,572,650,653,318,651,651,318,315,653,663,655,375,654,652,319,318,653,450,375,652,653,655,319,375,647,654,655,657,319,377,375,450,656,657,655,64,162,658,322,326,656,658,650,64,656,326,657,76,164,65,164,64,65,660,78,76,65,660,76,659,63,662,660,66,78,662,663,659,659,663,661,658,475,649,650,658,649,662,63,69,662,665,663,664,665,662,662,69,664,665,655,663,77,81,666,666,664,77,664,667,665,666,667,664,667,656,665,665,656,655,666,81,640,640,81,693,640,643,666,666,643,667,667,322,656,322,667,643,181,141,130,130,646,181,287,406,673,343,406,287,681,669,668,455,668,670,669,670,668,670,468,455,671,672,670,671,670,669,670,471,468,670,672,471,671,676,672,673,672,676,672,673,406,315,317,676,317,287,673,685,674,671,676,671,674,674,675,676,674,686,675,675,651,315,675,315,676,673,676,317,522,678,679,337,682,677,677,680,678,678,680,681,678,681,679,679,668,479,679,681,668,680,684,685,680,685,681,337,349,682,680,677,682,349,356,683,683,682,349,682,684,680,682,683,684,684,674,685,685,669,681,688,683,356,683,686,684,674,684,686,685,671,669,686,690,675,369,677,687,369,337,677,687,677,678,522,687,678,679,524,522,688,356,476,688,686,683,476,689,688,688,690,686,689,690,688,659,689,480,63,659,480,659,661,689,689,661,690,675,690,651,661,651,690,140,139,59,59,139,696,139,141,696,414,594,691,691,93,89,691,611,93,692,79,179,692,695,693,56,694,52,52,694,692,694,695,692,695,644,693,644,695,646,181,646,695,696,694,56,59,696,56,696,181,694,141,181,696,694,181,695,826,697,699,701,826,704,702,826,701,703,704,826,708,887,719,723,718,722,717,807,705,719,722,718,722,719,700,749,711,710,1233,729,707,729,732,707,705,1143,1146,707,732,726,717,705,1146,729,739,732,736,741,727,799,740,725,729,735,739,814,740,799,738,1295,734,740,743,725,737,750,742,727,741,730,738,744,1297,1026,767,736,768,741,736,731,747,746,748,746,747,738,1297,1295,750,737,807,710,721,749,742,1190,745,711,749,753,1190,742,750,726,756,752,748,747,757,754,757,747,732,756,726,711,753,744,756,1284,752,739,759,732,744,753,1306,721,1201,749,732,759,756,759,1287,756,757,754,761,760,761,754,761,817,757,751,764,755,763,764,751,764,766,755,873,1287,700,725,743,733,761,760,1296,1294,1296,760,755,766,758,769,740,814,1197,1201,721,769,772,740,767,773,768,771,773,767,740,772,743,1302,706,764,766,764,706,777,784,778,769,783,772,781,1079,774,771,785,773,782,784,777,780,785,771,779,783,769,785,811,773,730,787,706,789,790,782,786,793,780,730,791,787,795,797,788,741,791,730,1162,1165,779,788,797,792,791,794,787,782,790,784,780,793,785,779,1165,783,746,748,795,1316,1233,707,775,789,843,788,746,795,775,776,789,786,1316,707,789,776,790,786,726,793,804,795,748,786,707,726,758,766,801,1080,1087,762,768,802,741,800,1139,798,762,803,765,773,805,768,804,748,757,802,768,805,804,808,795,805,1286,802,811,805,773,795,808,797,805,813,1286,811,813,805,812,801,766,810,814,796,823,808,804,812,766,706,812,816,801,815,811,785,796,814,799,815,785,793,815,819,811,801,816,806,757,817,804,806,821,1011,816,821,806,811,819,813,810,1242,822,706,787,812,817,823,804,726,752,793,822,825,810,698,699,697,765,807,737,752,815,793,765,803,807,810,825,814,705,807,803,825,769,814,717,750,807,767,768,736,825,779,769,817,770,823,770,1063,823,714,832,715,822,831,825,714,835,832,818,778,820,828,837,834,830,831,822,777,778,818,847,846,836,828,927,837,868,716,715,778,1115,820,831,779,825,820,1115,1157,782,896,789,906,843,789,731,746,836,731,836,833,746,788,836,831,830,1191,834,837,1127,812,824,816,847,848,839,827,842,829,812,787,824,842,835,829,824,846,816,824,833,846,816,846,821,829,835,714,821,846,839,836,851,847,787,794,824,847,851,848,833,824,794,849,845,854,852,854,845,833,836,846,849,800,798,794,731,833,836,788,851,854,800,849,788,792,851,852,856,854,857,854,856,857,809,854,850,939,853,854,809,800,850,1125,939,758,865,920,856,993,857,758,801,865,818,857,993,858,867,860,818,820,857,863,867,858,857,820,809,801,806,865,993,884,818,777,818,884,868,715,832,826,887,708,700,719,873,884,782,777,868,870,716,699,703,826,702,776,826,906,789,896,879,719,876,876,719,875,873,719,879,875,719,878,878,719,882,716,870,861,880,719,881,881,719,885,891,719,890,882,719,880,924,883,877,843,826,775,883,1252,877,872,920,886,775,826,776,841,826,843,840,838,826,838,889,826,888,719,887,841,840,826,897,920,872,887,826,889,890,719,888,892,719,891,894,719,892,885,719,894,864,862,1056,864,1058,866,864,1056,1058,698,697,922,893,896,874,697,826,924,895,897,869,893,906,896,901,906,893,874,896,884,896,782,884,837,899,903,902,905,898,837,903,1127,898,905,900,906,901,843,841,843,901,899,911,903,909,904,981,908,911,899,1277,905,902,918,904,871,910,965,914,902,913,1277,949,915,907,1277,1312,905,751,755,895,915,917,907,895,755,897,869,897,872,913,932,918,915,924,917,907,917,909,917,877,871,917,871,909,1176,911,908,886,921,980,909,871,904,920,921,886,919,936,923,955,925,927,848,863,839,848,929,863,751,895,1232,955,927,828,863,929,867,926,930,898,902,898,930,848,931,929,925,1046,934,932,913,930,902,930,913,851,931,848,925,934,927,927,899,837,931,1257,929,904,918,932,919,916,933,910,1165,935,934,899,927,933,936,919,933,941,936,859,1074,1068,937,934,1046,923,938,928,936,938,923,934,937,908,792,931,851,853,940,855,897,758,920,755,758,897,853,939,940,934,908,899,855,940,942,865,921,920,940,947,950,940,950,942,865,992,921,941,944,936,855,942,859,922,924,915,1172,908,937,924,877,917,943,1172,937,697,924,922,936,944,938,883,924,826,939,947,940,945,947,939,1062,828,834,948,1216,946,948,872,951,1040,912,941,949,952,915,954,922,952,869,948,946,1266,944,1235,922,915,952,1278,869,946,1083,925,953,945,1169,947,698,922,699,954,699,922,956,832,835,869,872,948,872,886,951,956,835,958,956,960,832,1278,895,869,868,832,960,935,965,910,914,893,874,868,1224,870,1116,1114,966,965,893,914,957,967,961,960,1224,868,963,967,957,967,930,961,964,980,969,968,971,935,932,930,967,840,971,968,838,840,968,842,928,958,935,971,965,842,958,835,971,901,965,958,976,977,963,978,967,974,978,963,965,901,893,978,932,967,966,853,855,968,844,838,966,855,970,886,964,951,886,980,964,970,859,972,977,956,958,970,855,859,977,1229,956,841,901,840,971,840,901,979,981,974,972,859,1068,977,976,986,969,982,973,980,982,969,973,1029,975,974,981,978,956,1229,960,904,932,978,904,978,981,985,983,1007,1229,1231,960,976,958,928,985,852,983,949,979,1047,938,976,928,979,907,981,856,852,985,976,988,986,983,852,845,949,907,979,907,909,981,986,1238,977,938,944,988,944,1266,988,989,856,985,905,1307,900,938,988,976,989,993,856,957,961,990,991,993,989,926,1085,961,874,991,1030,986,1264,1147,961,930,926,874,884,991,991,884,993,1001,1040,1039,999,1001,1039,1081,1003,997,1001,912,1040,1004,1021,997,900,1021,1004,1006,1008,996,898,900,1004,1006,1015,1008,996,1008,1002,1003,1085,926,1002,952,949,865,806,992,1008,952,1002,926,898,1003,1004,1003,898,992,1011,994,806,1011,992,994,1011,999,1014,999,1011,1000,733,1013,1014,858,999,733,743,1013,1012,1015,1006,1013,1018,1000,1015,954,1008,1013,1024,1018,999,858,1001,1008,954,952,1000,1018,1007,860,912,1001,858,860,1001,1019,727,724,1018,985,1007,704,703,1012,1013,743,1022,821,839,1011,1012,703,1015,1023,1017,1057,743,772,1022,1015,699,954,1014,1011,839,703,699,1015,1022,1024,1013,839,863,1014,1018,989,985,1014,863,858,1024,989,1018,1023,1026,1017,847,839,846,772,783,1027,916,1325,975,1017,1026,1019,1027,1022,772,973,982,1029,1019,736,727,1026,736,1019,1022,1030,1024,1009,1043,1010,916,975,1032,1029,1032,975,1032,933,916,1027,1030,1022,1034,980,921,1025,1033,1028,1030,991,1024,1034,982,980,1020,1016,1084,1031,1033,1025,1033,963,1028,1034,1035,982,1024,991,989,1084,1080,1020,1028,963,957,1027,783,910,910,914,1027,1029,982,1035,1037,1009,1005,1032,1029,1039,1035,1039,1029,1027,914,1030,1040,933,1032,1031,1041,1033,1005,1089,1037,1039,1040,1032,1036,1041,1031,1009,1037,1043,1040,941,933,1033,974,963,874,1030,914,844,889,838,1034,921,992,1041,974,1033,1211,763,751,1042,763,1211,992,994,1034,925,1083,1046,1082,1010,1043,1045,1047,1036,1035,1034,994,1039,1035,999,994,999,1035,1037,1089,1097,1036,1047,1041,1049,1051,1046,1049,1046,1044,1041,979,974,1038,1050,1042,1047,979,1041,937,1046,1051,1048,1050,1038,861,870,1054,870,1226,1054,1050,1019,724,1054,862,861,1055,1087,962,1062,962,959,1054,1056,862,962,1062,1065,962,1065,1055,1057,1048,995,1051,1049,1059,1052,1059,1049,1087,1055,803,866,1060,1342,1051,1059,943,1055,705,803,995,997,1057,866,1058,1060,1048,1057,1017,998,1342,1060,1051,943,937,1048,1017,1050,1056,1054,1064,1112,845,1052,1017,1019,1050,1059,1052,849,845,849,1052,1226,1064,1054,1063,1067,1061,1056,1064,1066,798,943,1059,849,798,1059,997,1021,1057,1055,1065,1143,1021,1023,1057,1056,1066,1058,1055,1143,705,1058,1066,1070,770,774,1072,1072,1063,770,1058,1070,1060,1062,834,1065,1072,1067,1063,1060,1076,998,1060,1070,1076,1068,1074,1078,1339,1020,1080,774,1079,1072,1068,1078,1071,1082,1016,1010,953,1071,1083,1079,1077,1072,1071,1078,1083,995,1073,997,1081,997,1073,955,953,925,1082,1084,1016,1072,1077,1067,1080,1084,1086,1113,1066,1064,1077,880,881,1074,1092,1096,1080,1086,1087,1075,1003,1081,1074,1096,1078,1085,1003,1075,1066,1114,1070,1078,1044,1083,1004,997,1003,1078,1096,1044,1079,781,882,1044,1046,1083,1079,880,1077,1087,803,762,882,880,1079,1096,1049,1044,859,942,1074,998,1089,1005,942,1092,1074,1084,1105,959,1086,1084,959,950,1092,942,1086,959,962,959,1105,1202,1097,1089,1093,962,1087,1086,1094,1098,1095,1198,1202,1105,1090,1095,1098,1037,1097,1100,1098,1069,1090,1099,1094,1053,1037,1100,1043,1092,950,1101,1102,1043,1100,1099,1103,1094,1043,1102,1082,1082,1105,1084,1092,1104,1096,1082,1102,1105,1053,1094,1095,1092,1101,1104,1103,1106,1094,1096,1104,1049,1103,1075,1106,1110,1075,1103,1097,1093,972,1094,1106,1098,1052,1049,1104,1093,970,972,1107,1097,972,1098,1073,1069,1097,1107,1100,1100,1107,1109,1098,1106,1073,1103,1099,1108,1089,998,1076,1101,1153,1112,1108,1110,1103,1101,1112,1104,1002,1047,1045,1104,1112,1052,996,1002,1045,1113,1114,1066,1111,1110,1108,1075,1081,1106,1106,1081,1073,1002,949,1047,1113,1120,1114,990,1110,1111,1070,1116,1076,990,1085,1110,1070,1114,1116,990,961,1085,972,1068,1107,1089,1076,1093,1085,1075,1110,1076,1116,1093,778,784,1119,950,947,1121,1119,1115,778,834,1118,1065,1119,1123,1115,1118,1129,1124,1114,1120,966,1115,1123,1117,1117,1006,996,1120,853,966,1123,1006,1117,984,1125,850,984,1122,1125,1119,784,1126,1118,834,1127,1091,931,792,784,790,1126,1119,1128,1123,1132,1131,1091,1130,987,1295,1158,1295,987,1126,1128,1119,1091,1131,1088,1127,1129,1118,1128,1012,1123,1129,1099,1124,704,1012,1128,1133,1108,1129,1123,1012,1006,1140,1122,987,1126,790,702,1129,1108,1099,1132,1091,792,1124,1099,1053,790,776,702,702,701,1126,792,797,1132,1126,701,1128,1127,1133,1129,939,1125,945,701,704,1128,1297,1134,1295,1127,903,1133,798,1139,1135,1130,1134,1145,1133,1111,1108,797,808,1138,1168,1111,1133,1130,1140,987,1138,1132,797,1135,1141,1136,1138,1137,1132,903,1168,1133,1142,1125,1122,1138,1160,1137,1139,1141,1135,1164,1160,1138,1141,1031,1136,1122,1140,1142,1142,945,1125,1116,966,970,1031,1141,1036,1116,970,1093,1065,1118,1143,1136,1031,1025,1120,1267,850,800,809,1144,853,1120,850,1145,1140,1130,1144,1139,800,1143,1124,1146,1144,1148,1139,1121,947,1169,1121,1101,950,1140,1145,1149,1150,717,1146,1169,1152,1121,1140,1149,1142,1121,1153,1101,1148,1141,1139,1152,1153,1121,1148,1036,1141,1000,1152,1181,1124,1143,1118,1000,1007,1152,1153,1152,1007,1146,1053,1150,983,1112,1153,1007,983,1153,1124,1053,1146,1144,809,1157,984,1265,1155,1156,1145,1134,1053,1095,1150,983,845,1112,1150,1095,1171,809,820,1157,1151,1158,1154,1149,1145,1174,1157,1159,1144,720,1282,888,1132,1137,1131,1174,1145,1156,887,720,888,1090,1171,1095,1148,1144,1159,750,717,1161,1148,1045,1036,1159,1045,1148,1237,810,796,808,823,1164,831,1162,779,823,1063,1164,1267,1265,984,1191,1162,831,1159,1157,1117,1164,1138,808,984,850,1267,1157,1115,1117,1142,1167,945,1117,996,1159,1149,1167,1142,996,1045,1159,903,911,1168,1169,945,1167,717,1150,1161,1165,910,783,1161,1171,1163,1150,1171,1161,1063,1061,1164,1191,1170,1162,1160,1164,1061,1162,1173,1165,1172,1176,908,1175,1220,1160,1170,1173,1162,1173,935,1165,1174,1177,1149,1160,1061,1175,1178,1168,911,1174,725,1177,935,1173,968,1175,1186,1179,1167,1149,1177,1176,1178,911,1178,1183,1168,1167,1181,1169,1178,1028,1183,1067,1184,1061,1167,1177,1181,1181,1152,1169,1183,1111,1168,1170,1180,844,1061,1184,1175,1180,889,844,1183,990,1111,1184,1186,1175,1182,1195,1185,943,798,1135,1170,844,1173,1192,1195,1182,1187,1184,1067,1172,943,1135,1173,844,968,1176,1172,1136,796,799,1156,799,1174,1156,1077,1187,1067,1135,1136,1172,1180,720,887,1187,1189,1184,1136,1025,1176,1178,1176,1025,887,889,1180,799,725,1174,725,733,1177,1184,1189,1186,830,1273,1191,1025,1028,1178,1177,733,1181,885,1189,1187,1183,1028,957,1183,957,990,883,826,708,733,1000,1181,745,1190,1192,1252,708,719,1191,1273,1193,881,1187,1077,1193,1170,1191,881,885,1187,745,1192,1182,1100,1109,1102,1102,1109,1198,1185,1199,1188,720,1193,1276,1195,1199,1185,1193,1180,1170,1109,1071,953,720,1180,1193,1203,1205,1196,1102,1198,1105,1196,1205,1200,959,1202,1062,1196,1179,1203,749,1201,1219,1186,1203,1179,1109,1107,1071,1161,1190,750,1107,1068,1071,1190,1161,1163,1203,1212,1205,1204,1207,1254,1197,1088,1206,1190,1163,1192,1198,1109,953,1192,1166,1195,1131,1206,1088,1275,1270,1205,1163,1166,1192,953,955,1198,1202,1198,955,1206,1209,1197,1186,1189,1210,1207,1208,1254,1189,885,1210,1202,828,1062,1195,1244,1199,1202,955,828,1186,1210,1203,1208,1042,1211,1213,1292,1188,1197,1209,1201,1210,1212,1203,1201,1227,1219,1212,1280,1205,1209,1227,1201,885,894,1210,1215,1206,1131,1210,892,1212,1131,1137,1215,1069,1204,1090,1206,1217,1209,894,892,1210,1206,1215,1217,891,1280,892,1204,1069,1207,1218,1207,1069,1158,1151,734,1137,1160,1220,1214,1216,1293,1218,1038,1207,1219,753,749,1154,1158,987,1155,1154,987,1220,1215,1137,1155,987,1122,1218,1048,1038,1222,1217,1215,1155,1122,984,734,1295,1158,1207,1038,1208,1227,1239,1219,1220,1222,1215,1038,1042,1208,1224,1226,870,1223,1219,1239,995,1218,1073,1069,1073,1218,1218,995,1048,1259,1227,1209,1175,1179,1220,1231,1224,960,1179,1222,1220,1274,1230,1232,1227,1245,1239,1224,1234,1226,1231,1234,1224,1179,1196,1222,1235,944,941,1234,1064,1226,941,912,1235,1208,1230,1254,1223,1237,1309,871,1236,1194,1208,1211,1230,871,877,1236,1238,1229,977,1230,1211,1232,912,1241,1235,1236,1240,1194,1239,1242,1223,1237,1223,1242,860,1241,912,1236,1255,1240,751,1232,1211,1238,1243,1229,810,1237,1242,1194,1240,1228,860,867,1246,1240,1247,1228,1246,1241,860,1248,1166,1163,1229,1243,1231,1239,1245,1242,1249,1242,1245,1228,1247,1233,1163,1171,1248,1248,1250,1166,1247,729,1233,1251,1246,867,1244,1166,1250,867,929,1251,1236,877,1252,1254,1269,1250,1252,1255,1236,1256,1247,1240,1248,1171,1090,1253,1249,1245,1250,1248,1204,1238,986,1147,1090,1204,1248,1255,1256,1240,1256,735,1247,1200,1253,1262,1204,1254,1250,1151,1243,1238,929,1257,1251,1238,1147,1151,1188,1199,1258,1151,1154,1243,1247,735,729,1251,1257,1299,1209,1217,1259,1259,1245,1227,1234,1261,1064,1217,1222,1262,708,1252,883,1261,1113,1064,1222,1196,1262,1269,1274,1258,1243,1263,1231,1258,1274,1260,1262,1259,1217,1255,1252,719,1259,1253,1245,1231,1263,1234,719,718,1255,988,1264,986,1253,1259,1262,1260,946,1214,1234,1263,1261,1265,1261,1263,1266,1264,988,1261,1267,1113,1261,1265,1267,1244,1195,1166,1196,1200,1262,1267,1120,1113,1263,1243,1154,1266,1271,1272,1269,1258,1244,1199,1244,1258,1263,1154,1265,1155,1265,1154,1255,718,1256,1200,1205,1270,1276,1273,1270,1274,1278,1260,1266,1272,1264,1275,1276,1270,1193,1273,1276,754,813,760,1260,1278,946,819,760,813,819,815,1279,1250,1269,1244,913,918,1281,1275,1205,1280,1271,1266,1235,752,1279,815,1230,1274,1269,1280,1282,1275,1235,1241,1271,1230,1269,1254,1283,712,1271,1188,1258,1213,1280,890,1282,1232,1278,1274,1258,1260,1213,1275,1282,1276,1232,895,1278,1282,720,1276,1284,1279,752,1213,1260,1214,1212,892,1280,802,791,741,1284,1300,1279,1271,712,1272,791,1285,794,891,890,1280,946,1216,1214,1285,791,802,1216,948,1221,890,888,1282,1285,731,794,802,1286,1285,1283,1271,1241,1285,747,731,1241,1246,1283,1242,1249,822,1287,1284,756,1286,747,1285,1221,948,951,1221,951,1225,1287,713,1284,1288,710,1283,813,754,1286,759,700,1287,1246,1251,1288,1253,1289,1249,1286,754,747,1268,1225,964,1289,830,1249,951,964,1225,1246,1288,1283,873,879,1287,1288,1299,721,822,1249,830,1270,1289,1200,1253,1200,1289,721,1299,1197,1289,1273,830,781,728,878,875,878,728,1270,1273,1289,1288,721,710,882,781,878,819,1279,1294,1299,1288,1251,1294,760,819,1335,1182,1336,761,1298,817,1277,913,1281,1296,1298,761,1130,1295,1134,770,817,1298,1042,1050,724,1194,1281,918,1300,1294,1279,763,1042,724,918,871,1194,1296,1294,1301,1300,1301,1294,1194,1228,1281,764,763,1302,1197,1299,1088,1296,1303,1298,900,1304,1021,763,724,1302,1021,1304,1023,1091,1257,931,1301,1303,1296,1303,774,1298,727,1302,724,1091,1088,1257,1305,1023,1304,1302,730,706,727,730,1302,1257,1088,1299,1297,744,1306,1298,774,770,905,1312,1307,1264,1272,1308,1284,713,1300,1304,900,1307,1306,1309,1134,1306,1134,1297,1309,1156,1134,713,1311,1301,1304,1310,1305,1308,1147,1264,1301,1300,713,1308,734,1147,1311,728,1301,1307,1310,1304,879,876,713,1310,771,1305,1223,753,1219,1311,713,876,876,875,1311,1306,753,1223,1311,875,728,1223,1309,1306,1147,734,1151,1301,728,1303,1309,796,1156,1303,781,774,1305,771,767,1309,1237,796,728,781,1303,879,713,1287,1313,1308,1272,1272,712,1313,1312,1314,1307,1308,1313,738,711,1313,712,1313,744,738,711,744,1313,1308,738,734,1182,1185,1336,710,712,1283,710,711,712,1314,1310,1307,1336,1185,1290,1314,780,1310,1185,1188,1290,1188,1291,1290,1314,786,780,1291,1188,1292,1310,780,771,1292,1214,1293,1213,1214,1292,1277,1315,1312,1277,1281,1315,1315,1316,1312,1337,1292,1293,1317,1337,1293,1312,1316,1314,1316,786,1314,1228,1315,1281,1315,1233,1316,1228,1233,1315,1293,1216,1317,1026,1023,1305,1216,1221,1317,1026,1305,767,735,1256,723,1317,1221,1318,1221,1225,1318,718,723,1256,1319,1318,1225,723,722,735,735,722,739,1319,1268,1320,739,700,759,1225,1268,1319,700,739,722,1268,1322,1320,1323,975,1324,1328,1324,1325,964,969,1268,969,1322,1268,973,1323,1322,973,1322,969,1323,973,975,1324,975,1325,916,919,1325,1322,1321,1320,1323,1321,1322,1321,1323,1326,1323,1324,1326,1326,1324,1327,1327,1324,1328,1328,1330,1329,1328,1325,1330,1329,1331,827,1330,1331,1329,1331,842,827,1325,919,1330,919,923,1330,1330,923,1331,928,842,1331,923,928,1331,1337,1335,1336,1290,1337,1336,1290,1291,1337,765,1332,1341,765,737,1332,1332,737,1333,1333,737,742,1333,742,1334,1334,745,1335,1334,742,745,745,1182,1335,1335,1337,1334,1291,1292,1337,1317,1318,1337,1318,1319,1337,1319,1320,1337,1320,1321,1337,1321,1326,1337,1326,1327,1337,1327,1328,1337,1328,1329,1337,1329,827,1337,827,829,1337,829,714,1337,714,715,1337,715,716,1337,716,861,1337,861,862,1337,862,864,1337,864,866,1337,866,1342,1337,1342,1343,1337,1343,1344,1337,1344,1345,1337,1341,1332,1337,1332,1333,1337,1333,1334,1337,1340,1337,1339,1340,1341,1337,709,1016,1338,1338,1016,1020,1338,1020,1339,1340,1339,1080,1340,762,1341,1340,1080,762,1341,762,765,1345,709,1337,709,1338,1337,1338,1339,1337,998,1343,1342,1343,998,1005,1343,1005,1344,1344,1009,1345,1344,1005,1009,709,1345,1010,1009,1010,1345,1016,709,1010,1349,1350,1351,1349,1351,1352,1347,1361,1363,1347,1363,1348,1346,1362,1366,1346,1366,1359,1365,1446,1364,1367,1412,1348,1364,1446,1360,1367,1348,1363,1367,1363,1368,1372,1371,1369,1372,1369,1373,1374,1364,1360,1374,1360,1370,1359,1366,1375,1359,1375,1378,1377,1365,1364,1377,1364,1374,1415,1416,1346,1381,1367,1368,1381,1368,1382,1357,1354,1353,1357,1353,1383,1356,1384,1355,1370,1360,1349,1370,1349,1352,1385,1378,1375,1385,1375,1386,1383,1353,1358,1383,1358,1387,1388,1389,1381,1388,1381,1382,1382,1368,1403,1390,1387,1358,1390,1358,1391,1362,1346,1416,1395,1397,1391,1396,1385,1386,1396,1386,1399,1369,1371,1394,1369,1394,1393,1400,1387,1398,1357,1383,1392,1376,1379,1377,1377,1379,1380,1403,1405,1407,1403,1407,1408,1391,1397,1390,1377,1374,1376,1414,1393,1394,1360,1446,1349,1348,1419,1347,1405,1403,1412,1411,1412,1403,1409,1410,1406,1409,1406,1404,1395,1427,1397,1381,1405,1367,1424,1434,1384,1393,1414,1413,1355,1397,1427,1416,1415,1410,1416,1410,1409,1417,1418,1412,1417,1412,1411,1389,1357,1407,1389,1407,1381,1414,1394,1443,1413,1414,1420,1419,1420,1414,1422,1396,1399,1422,1399,1423,1358,1434,1391,1424,1384,1421,1356,1421,1384,1406,1433,1404,1418,1417,1419,1420,1419,1417,1425,1426,1372,1425,1372,1373,1407,1392,1439,1407,1439,1408,1391,1434,1395,1355,1427,1421,1355,1421,1356,1428,1429,1426,1428,1426,1425,1434,1424,1395,1430,1431,1429,1430,1429,1428,1432,1433,1431,1432,1431,1430,1398,1384,1434,1433,1432,1404,1434,1435,1400,1434,1400,1398,1421,1427,1424,1436,1401,1400,1436,1400,1435,1423,1437,1438,1423,1438,1422,1439,1392,1401,1439,1401,1436,1419,1348,1418,1418,1348,1412,1405,1381,1407,1412,1367,1405,1438,1437,1440,1438,1440,1441,1435,1358,1436,1434,1358,1435,1358,1353,1436,1427,1395,1424,1439,1436,1353,1353,1354,1439,1388,1408,1354,1441,1440,1442,1441,1442,1443,1444,1380,1379,1444,1379,1445,1350,1443,1442,1350,1442,1351,1383,1387,1401,1445,1379,1376,1445,1376,1446,1400,1401,1387,1401,1392,1383,1357,1389,1354,1388,1354,1389,1447,1376,1402,1446,1376,1447,1380,1444,1377,1365,1377,1444,1390,1398,1387,1447,1402,1361,1447,1361,1347,1398,1390,1397,1366,1362,1416,1355,1384,1397,1416,1404,1366,1404,1432,1366,1398,1397,1384,1409,1404,1416,1432,1430,1375,1375,1366,1432,1370,1352,1376,1374,1370,1376,1428,1425,1386,1430,1428,1375,1386,1375,1428,1425,1373,1399,1399,1386,1425,1437,1423,1373,1361,1402,1352,1402,1376,1352,1373,1369,1437,1440,1437,1369,1433,1346,1359,1378,1433,1359,1442,1420,1351,1415,1346,1433,1361,1351,1420,1351,1361,1352,1385,1429,1378,1423,1399,1373,1369,1393,1440,1433,1406,1415,1363,1361,1420,1406,1410,1415,1396,1426,1385,1411,1403,1368,1368,1363,1411,1417,1411,1363,1420,1417,1363,1422,1372,1396,1433,1378,1431,1429,1431,1378,1429,1385,1426,1393,1413,1442,1420,1442,1413,1440,1393,1442,1350,1347,1419,1349,1347,1350,1419,1414,1443,1443,1350,1419,1403,1408,1382,1388,1382,1408,1439,1354,1408,1426,1396,1372,1422,1438,1372,1371,1372,1438,1371,1438,1441,1441,1443,1394,1371,1441,1394,1446,1365,1445,1392,1407,1357,1365,1444,1445,1447,1349,1446,1347,1349,1447,];