1432.0 vertices	2808.0 faces(triangles)
body ( 0, 353 )
braid_l ( 354, 415 )
braid_m ( 416, 477 )
braid_r ( 478, 539 )
cheek_l ( 540, 721 )
cheek_r ( 722, 903 )
eye_l ( 904, 965 )
eye_r ( 966, 1027 )
foot_l ( 1028, 1059 )
foot_r ( 1060, 1085 )
hair ( 1086, 1351 )
hand_l ( 1352, 1389 )
hand_r ( 1390, 1426 )
mouth ( 1427, 1431 )

vertices = [148.227,152.5,183.64999999999998,125.817,152.5,186.6,194.117,128.38,168.29999999999998,187.05700000000002,31.79,135.35999999999999,196.527,102.5,170.71,175.817,189.1,100.0,174.117,189.1,87.06,194.117,31.79,118.3,83.67800000000001,189.56199999999998,124.696,196.527,31.79,100.0,150.817,128.38,193.29999999999998,138.757,15.9,51.7,83.485,189.56199999999998,124.445,161.177,173.21,38.76,57.516999999999996,173.21,81.7,125.817,128.38,196.58999999999997,55.107,173.21,100.0,174.117,128.38,183.64999999999998,125.817,15.9,50.0,175.817,173.21,50.0,91.06,189.565,134.317,144.117,173.21,31.7,150.817,5.91,93.3,175.817,15.9,100.0,125.817,102.5,200.0,151.697,102.5,196.58999999999997,78.717,189.563,112.94,83.36399999999999,189.56199999999998,124.153,83.484,189.56199999999998,124.44200000000001,151.697,5.91,100.0,148.227,5.91,87.06,78.596,189.563,112.648,175.817,102.5,186.6,78.59700000000001,189.563,112.65100000000001,125.817,173.21,29.29,125.817,176.63,100.0,99.92699999999999,180.04000000000002,100.0,138.757,15.9,148.3,169.117,15.9,75.0,103.397,180.04000000000002,87.06,200.817,152.5,56.7,126.13,189.563,148.841,125.817,189.563,148.882,144.117,5.91,81.7,138.15699999999998,189.563,147.261,78.556,189.563,112.34,112.877,180.04000000000002,77.58,187.05700000000002,152.5,38.76,125.817,15.9,150.0,150.817,15.9,143.3,125.817,180.04000000000002,74.11,125.817,189.1,150.0,138.757,189.1,148.3,113.482,189.563,147.262,125.507,189.563,148.84199999999998,169.117,152.5,25.0,161.177,15.9,135.35999999999999,100.807,180.04000000000002,93.3,113.16900000000001,189.563,147.221,187.05700000000002,173.21,135.35999999999999,138.468,189.563,147.22,138.465,189.563,147.221,112.877,189.563,147.10000000000002,113.166,189.563,147.22,169.117,15.9,125.0,138.757,5.91,77.59,150.817,15.9,56.7,101.12700000000001,189.56199999999998,142.143,132.517,5.91,75.0,174.117,15.9,112.94,75.817,173.21,150.0,150.25900000000001,189.56199999999998,142.333,149.97,189.56199999999998,142.453,107.507,180.04000000000002,81.69,90.457,173.21,161.23999999999998,194.117,128.38,31.7,125.817,5.91,74.12,150.817,189.1,143.3,196.527,102.5,29.29,138.757,189.563,147.10000000000002,125.817,2.5,100.0,107.517,173.21,168.29999999999998,132.517,5.91,125.0,148.227,152.5,16.35,125.817,152.5,13.4,125.817,5.91,125.88,119.11699999999999,180.04000000000002,74.99,125.817,173.21,170.71,138.757,5.91,122.41,174.117,128.38,16.35,150.817,128.38,6.7,174.117,76.62,16.35,175.817,102.5,13.4,160.38299999999998,189.565,134.566,50.81699999999999,152.5,143.3,161.177,189.1,135.35999999999999,174.65800000000002,189.563,99.687,144.117,5.91,118.3,174.69899999999998,189.563,100.0,150.817,76.62,6.7,64.577,152.5,161.23999999999998,125.817,128.38,3.41,160.13400000000001,189.565,134.757,173.078,189.563,87.66,173.03699999999998,189.563,87.34899999999999,173.03799999999998,189.563,87.352,148.227,5.91,112.94,151.697,102.5,3.41,107.517,173.21,31.7,125.817,76.62,3.41,150.817,5.91,106.7,168.15,189.56199999999998,75.55799999999999,168.27,189.56199999999998,75.847,150.513,189.56199999999998,142.139,125.817,102.5,0.0,150.262,189.56199999999998,142.332,90.457,173.21,38.76,125.50399999999999,189.563,51.159,125.817,189.563,51.117999999999995,194.117,173.21,118.3,113.477,189.563,52.739000000000004,169.117,189.1,75.0,75.817,173.21,50.0,172.91699999999997,189.563,87.06,125.817,189.1,50.0,112.877,189.1,51.7,160.57500000000002,189.565,134.316,167.95999999999998,189.56199999999998,124.69,113.166,189.563,52.779999999999994,113.16900000000001,189.563,52.778999999999996,160.38299999999998,189.565,65.434,169.117,189.1,125.0,161.177,189.1,64.64,82.517,152.5,25.0,196.527,173.21,100.0,160.574,189.565,65.68299999999999,64.577,152.5,38.76,167.95600000000002,189.56199999999998,75.304,168.149,189.56199999999998,75.555,101.375,189.56199999999998,57.667,101.66399999999999,189.56199999999998,57.547,50.81699999999999,152.5,56.7,100.817,189.1,56.7,168.15,189.56199999999998,124.44200000000001,168.149,189.56199999999998,124.445,112.877,189.563,52.9,150.507,189.56199999999998,57.857,57.516999999999996,128.38,31.7,151.707,180.04000000000002,100.0,150.817,189.1,56.7,148.237,180.04000000000002,112.94,160.133,189.565,65.242,91.251,189.565,65.434,138.757,180.04000000000002,122.42000000000002,90.457,189.1,64.64,91.5,189.565,65.243,125.817,180.04000000000002,125.89,55.107,102.5,29.29,168.27,189.56199999999998,124.153,172.91699999999997,189.563,112.94,101.121,189.56199999999998,57.861000000000004,101.372,189.56199999999998,57.668,150.827,180.04000000000002,106.7,174.117,189.1,112.94,150.25900000000001,189.56199999999998,57.667,150.262,189.56199999999998,57.668,42.167,152.5,77.59,39.217,152.5,100.0,144.12699999999998,180.04000000000002,118.31,83.674,189.56199999999998,75.31,91.059,189.565,65.684,77.517,76.62,183.64999999999998,75.817,102.5,186.6,173.03699999999998,189.563,112.65100000000001,42.167,128.38,51.7,82.517,189.1,75.0,32.517,128.38,75.0,100.817,76.62,193.29999999999998,174.65800000000002,189.563,100.31,149.97,189.56199999999998,57.547,138.757,189.563,52.9,99.93700000000001,102.5,196.58999999999997,173.079,189.563,112.335,125.817,76.62,196.58999999999997,173.03799999999998,189.563,112.648,138.757,189.1,51.7,132.517,180.04000000000002,125.00999999999999,29.226999999999997,128.38,100.0,103.407,52.5,183.64999999999998,83.484,189.56199999999998,75.55799999999999,39.217,102.5,50.0,83.485,189.56199999999998,75.555,29.226999999999997,102.5,74.12,125.817,52.5,186.6,25.817,102.5,100.0,103.407,152.5,183.64999999999998,103.407,152.5,16.35,57.516999999999996,76.62,168.29999999999998,138.468,189.563,52.779999999999994,100.817,128.38,6.7,55.107,102.5,170.71,77.517,128.38,16.35,126.12700000000001,189.563,51.158,77.517,128.38,183.64999999999998,50.81699999999999,52.5,143.3,83.36399999999999,189.56199999999998,75.847,78.717,189.563,87.06,64.577,52.5,161.23999999999998,100.817,128.38,193.29999999999998,138.15200000000002,189.563,52.738,138.465,189.563,52.778999999999996,99.93700000000001,102.5,3.41,77.517,189.1,87.06,75.817,102.5,13.4,82.517,52.5,175.0,225.817,102.5,100.0,219.117,76.62,75.0,222.407,102.5,74.12,222.407,76.62,100.0,209.46699999999998,76.62,51.7,212.41700000000003,102.5,50.0,75.817,31.79,150.0,76.976,189.563,100.313,76.935,189.563,100.0,78.59700000000001,189.563,87.34899999999999,90.457,31.79,161.23999999999998,212.41700000000003,52.5,100.0,209.46699999999998,52.5,77.59,75.817,189.1,100.0,77.517,189.1,112.94,107.517,31.79,168.29999999999998,76.975,189.563,99.69,148.227,52.5,16.35,125.817,52.5,13.4,78.555,189.563,87.665,78.596,189.563,87.352,125.817,31.79,170.71,64.577,31.79,64.64,57.516999999999996,31.79,81.7,82.517,189.1,125.0,55.107,31.79,100.0,57.516999999999996,31.79,118.3,91.251,189.565,134.566,64.577,31.79,135.35999999999999,90.457,189.1,135.35999999999999,57.516999999999996,76.62,31.7,82.517,52.5,25.0,64.577,52.5,38.76,91.501,189.565,134.75799999999998,50.81699999999999,52.5,56.7,100.817,189.1,143.3,194.117,31.79,81.7,125.817,31.79,29.29,107.517,31.79,31.7,187.05700000000002,31.79,64.64,90.457,31.79,38.76,75.817,31.79,50.0,101.375,189.56199999999998,142.333,101.372,189.56199999999998,142.332,194.117,76.62,31.7,200.817,52.5,56.7,187.05700000000002,52.5,38.76,101.66399999999999,189.56199999999998,142.453,169.117,52.5,25.0,112.877,189.1,148.3,42.167,76.62,51.7,82.517,152.5,175.0,32.517,76.62,75.0,175.817,31.79,50.0,161.177,31.79,38.76,29.226999999999997,76.62,100.0,144.117,31.79,31.7,42.167,52.5,77.59,57.516999999999996,128.38,168.29999999999998,39.217,52.5,100.0,112.877,15.9,51.7,100.817,15.9,56.7,174.117,15.9,87.06,90.457,15.9,64.64,57.516999999999996,173.21,118.3,209.46699999999998,152.5,77.59,82.517,15.9,75.0,64.577,173.21,135.35999999999999,212.41700000000003,152.5,100.0,219.117,128.38,75.0,161.177,15.9,64.64,222.407,128.38,100.0,77.517,15.9,87.06,209.46699999999998,128.38,51.7,75.817,15.9,100.0,32.517,76.62,125.0,29.226999999999997,102.5,125.88,42.167,76.62,148.3,39.217,102.5,150.0,119.11699999999999,5.91,75.0,194.117,173.21,81.7,112.877,5.91,77.59,42.167,52.5,122.41,187.05700000000002,173.21,64.64,107.517,5.91,81.7,112.877,180.04000000000002,122.42000000000002,103.407,5.91,87.06,103.397,180.04000000000002,112.94,100.817,5.91,93.3,77.517,15.9,112.94,99.93700000000001,5.91,100.0,119.11699999999999,180.04000000000002,125.00999999999999,82.517,15.9,125.0,90.457,15.9,135.35999999999999,100.817,76.62,6.7,100.817,15.9,143.3,77.517,76.62,16.35,107.507,180.04000000000002,118.31,138.757,180.04000000000002,77.58,148.237,180.04000000000002,87.06,112.877,15.9,148.3,103.407,52.5,16.35,209.46699999999998,152.5,122.41,132.517,180.04000000000002,74.99,100.817,5.91,106.7,209.46699999999998,128.38,148.3,219.117,128.38,125.0,103.407,5.91,112.94,144.12699999999998,180.04000000000002,81.69,107.517,5.91,118.3,112.877,5.91,122.41,212.41700000000003,102.5,150.0,119.11699999999999,5.91,125.0,222.407,102.5,125.88,150.827,180.04000000000002,93.3,144.117,173.21,168.29999999999998,100.807,180.04000000000002,106.7,161.177,173.21,161.23999999999998,42.167,152.5,122.41,32.517,128.38,125.0,42.167,128.38,148.3,175.817,173.21,150.0,64.577,173.21,64.64,150.817,76.62,193.29999999999998,169.117,152.5,175.0,174.117,76.62,183.64999999999998,187.05700000000002,152.5,161.23999999999998,200.817,152.5,143.3,148.227,52.5,183.64999999999998,209.46699999999998,76.62,148.3,219.117,76.62,125.0,209.46699999999998,52.5,122.41,194.117,76.62,168.29999999999998,169.117,52.5,175.0,187.05700000000002,52.5,161.23999999999998,200.817,52.5,143.3,144.117,31.79,168.29999999999998,161.177,31.79,161.23999999999998,175.817,31.79,150.0,124.17999999999999,208.44,106.67,129.71,203.37,103.85,108.27,220.88,96.15,117.44,216.78,104.44000000000001,96.67,215.44,102.22,106.86,218.44,93.33,118.91999999999999,199.34,96.15,128.59,201.45,104.44000000000001,115.82000000000001,213.96,92.30000000000001,113.59,210.10999999999999,91.11000000000001,125.58999999999999,210.88,103.85,109.14999999999999,202.41,100.0,109.75,203.44,104.44000000000001,111.37,206.26000000000002,92.30000000000001,103.01,211.78,93.33,100.52,222.10000000000002,102.22,104.93,215.10999999999999,92.30000000000001,118.04,217.81,100.0,126.1,211.78,100.0,126.37,197.60000000000002,100.0,126.67,198.12,102.22,109.75,203.44,95.55999999999999,106.86,218.44,106.67,100.82000000000001,222.62,100.0,125.58999999999999,210.88,96.15,117.44,216.78,95.55999999999999,100.52,222.10000000000002,97.78,130.51999999999998,204.78000000000003,102.22,124.17999999999999,208.44,93.33,122.26,205.10999999999999,92.30000000000001,130.51999999999998,204.78000000000003,97.78,99.71000000000001,220.69,96.15,98.59,218.76999999999998,95.55999999999999,118.41,198.44,100.0,118.91999999999999,199.34,103.85,129.71,203.37,96.15,108.78,221.78,100.0,97.47999999999999,216.84,103.85,98.59,218.76999999999998,104.44000000000001,130.82,205.3,100.0,99.71000000000001,220.69,103.85,128.59,201.45,95.55999999999999,97.47999999999999,216.84,96.15,120.33,201.78,106.67,113.59,210.10999999999999,108.88999999999999,96.67,215.44,97.78,115.82000000000001,213.96,107.69999999999999,120.33,201.78,93.33,127.47999999999999,199.52,96.15,96.37,214.92000000000002,100.0,104.93,215.10999999999999,107.69999999999999,122.26,205.10999999999999,107.69999999999999,103.01,211.78,106.67,101.6,209.34,103.85,126.67,198.12,97.78,101.09,208.44,100.0,96.27000000000001,220.10999999999999,100.0,127.47999999999999,199.52,103.85,108.27,220.88,103.85,130.92000000000002,200.10999999999999,100.0,111.37,206.26000000000002,107.69999999999999,101.6,209.34,96.15,123.59,234.82,103.85,125.82000000000001,234.82,104.44000000000001,123.59,234.82,96.15,121.37,217.5,107.69999999999999,128.04,234.82,103.85,130.26,217.5,92.30000000000001,125.82000000000001,237.5,100.0,125.82000000000001,217.5,108.88999999999999,132.48,227.5,96.15,129.67000000000002,207.5,106.67,121.37,200.18,100.0,125.82000000000001,217.5,91.11000000000001,119.14999999999999,227.5,103.85,132.48,207.5,103.85,132.48,207.5,96.15,129.67000000000002,227.5,93.33,121.97,200.18,102.22,130.26,217.5,107.69999999999999,133.51000000000002,227.5,100.0,129.67000000000002,200.18,102.22,121.97,227.5,106.67,116.92999999999999,217.5,100.0,133.51000000000002,217.5,104.44000000000001,130.26,200.18,100.0,125.82000000000001,227.5,107.69999999999999,121.37,234.82,100.0,121.97,234.82,102.22,118.11999999999999,207.5,100.0,121.97,207.5,93.33,129.67000000000002,227.5,106.67,121.97,234.82,97.78,129.67000000000002,234.82,102.22,121.97,207.5,106.67,118.11999999999999,217.5,104.44000000000001,129.67000000000002,200.18,97.78,121.37,217.5,92.30000000000001,119.14999999999999,207.5,96.15,130.26,234.82,100.0,129.67000000000002,234.82,97.78,118.11999999999999,227.5,100.0,132.48,227.5,103.85,118.11999999999999,217.5,95.55999999999999,128.04,200.18,96.15,125.82000000000001,207.5,107.69999999999999,121.97,227.5,93.33,119.14999999999999,227.5,96.15,125.82000000000001,200.18,95.55999999999999,123.59,200.18,96.15,133.51000000000002,207.5,100.0,134.71,217.5,100.0,119.14999999999999,207.5,103.85,123.59,200.18,103.85,121.97,200.18,97.78,129.67000000000002,207.5,93.33,133.51000000000002,217.5,95.55999999999999,128.04,234.82,96.15,125.82000000000001,234.82,95.55999999999999,125.82000000000001,200.18,104.44000000000001,125.82000000000001,207.5,92.30000000000001,128.04,200.18,103.85,125.82000000000001,197.5,100.0,125.82000000000001,227.5,92.30000000000001,153.59,220.69,103.85,150.29,211.78,106.67,156.63,215.44,97.78,141.93,206.26000000000002,107.69999999999999,144.14999999999998,202.41,100.0,131.05,205.10999999999999,92.30000000000001,154.71,218.76999999999998,104.44000000000001,134.38,199.34,96.15,126.92999999999999,197.60000000000002,100.0,126.63,198.12,97.78,143.55,203.44,95.55999999999999,155.82,216.84,96.15,129.12,208.44,93.33,155.82,216.84,103.85,154.71,218.76999999999998,95.55999999999999,151.7,209.34,103.85,127.71000000000001,210.88,96.15,145.03,220.88,103.85,139.71,210.10999999999999,108.88999999999999,125.82000000000001,199.52,96.15,134.38,199.34,103.85,132.97,201.78,93.33,152.22,208.44,100.0,152.48,222.62,100.0,152.78,222.10000000000002,102.22,146.44,218.44,106.67,127.2,211.78,100.0,153.59,220.69,96.15,152.78,222.10000000000002,97.78,156.93,214.92000000000002,100.0,124.71000000000001,201.45,95.55999999999999,151.7,209.34,96.15,141.93,206.26000000000002,92.30000000000001,135.86,216.78,104.44000000000001,148.37,215.10999999999999,107.69999999999999,135.26,217.81,100.0,132.97,201.78,106.67,144.52,221.78,100.0,123.59,203.37,96.15,150.29,211.78,93.33,139.71,210.10999999999999,91.11000000000001,129.12,208.44,106.67,123.59,203.37,103.85,148.37,215.10999999999999,92.30000000000001,137.48,213.96,92.30000000000001,135.86,216.78,95.55999999999999,124.71000000000001,201.45,104.44000000000001,131.05,205.10999999999999,107.69999999999999,146.44,218.44,93.33,126.63,198.12,102.22,125.82000000000001,199.52,103.85,145.03,220.88,96.15,157.03,220.10999999999999,100.0,122.47999999999999,205.3,100.0,122.78,204.78000000000003,102.22,127.71000000000001,210.88,103.85,156.63,215.44,102.22,122.78,204.78000000000003,97.78,137.48,213.96,107.69999999999999,134.89000000000001,198.44,100.0,122.39000000000001,200.10999999999999,100.0,143.55,203.44,104.44000000000001,164.68,124.13,166.63,54.19,102.5,168.64999999999998,110.82000000000001,172.5,127.5,167.45000000000002,102.5,168.64999999999998,40.82,102.5,127.5,131.39,80.87,190.82,86.63,159.13,94.21,98.10000000000001,35.93,145.0,93.32000000000001,35.93,114.78999999999999,164.68,61.36,145.0,167.45000000000002,61.36,127.5,164.68,80.87,166.63,149.95,80.87,73.64,131.39,80.87,64.18,144.1,143.64000000000001,81.67999999999999,104.13,35.93,148.07,149.95,80.87,181.35999999999999,177.39000000000001,80.87,127.5,89.19,169.07,127.5,164.68,61.36,110.0,174.13,80.87,106.92999999999999,110.82000000000001,80.87,60.93,128.32,143.64000000000001,73.64,77.53,159.13,103.32000000000001,110.82000000000001,35.93,149.13,110.82000000000001,143.64000000000001,70.87,90.24,169.07,134.18,93.32000000000001,169.07,140.21,90.24,80.87,64.18,128.32,61.36,181.35999999999999,117.5,35.93,148.07,71.69,159.13,114.78999999999999,123.53,159.13,166.63,93.32000000000001,143.64000000000001,73.64,144.1,61.36,81.67999999999999,144.1,61.36,173.32,164.68,80.87,88.37,128.32,143.64000000000001,181.35999999999999,128.32,61.36,73.64,131.39,169.07,120.82000000000001,128.32,169.07,114.78999999999999,123.53,45.87,166.63,149.95,124.13,73.64,144.1,143.64000000000001,173.32,110.82000000000001,61.36,70.87,131.39,124.13,64.18,123.53,169.07,110.0,65.0,143.64000000000001,94.21,56.959999999999994,143.64000000000001,110.0,90.24,35.93,134.18,110.82000000000001,124.13,60.93,93.32000000000001,61.36,73.64,131.39,124.13,190.82,135.0,159.13,160.79000000000002,89.19,35.93,127.5,90.24,124.13,64.18,93.32000000000001,35.93,140.21,144.1,159.13,151.68,149.95,124.13,181.35999999999999,90.24,80.87,190.82,56.959999999999994,124.13,88.37,47.5,124.13,106.92999999999999,149.95,159.13,140.21,110.82000000000001,80.87,194.07,117.5,169.07,106.92999999999999,110.82000000000001,169.07,105.87,104.13,169.07,106.92999999999999,110.82000000000001,32.5,127.5,151.96,159.13,127.5,98.10000000000001,169.07,110.0,93.32000000000001,61.36,181.35999999999999,93.32000000000001,169.07,114.78999999999999,110.82000000000001,61.36,184.13,90.24,169.07,120.82000000000001,98.10000000000001,159.13,166.63,54.19,102.5,86.35999999999999,156.63,143.64000000000001,160.79000000000002,44.24,80.87,127.5,110.82000000000001,159.13,168.64999999999998,47.5,80.87,148.07,44.24,102.5,105.87,151.96,102.5,70.87,132.45,102.5,60.93,98.10000000000001,45.87,166.63,110.82000000000001,45.87,168.64999999999998,56.959999999999994,61.36,145.0,110.82000000000001,102.5,57.5,54.19,61.36,127.5,93.32000000000001,143.64000000000001,181.35999999999999,65.0,61.36,160.79000000000002,89.19,102.5,60.93,77.53,143.64000000000001,81.67999999999999,110.82000000000001,143.64000000000001,184.13,69.67,45.87,127.5,71.69,45.87,140.21,71.69,124.13,73.64,156.63,61.36,94.21,69.67,102.5,70.87,164.68,143.64000000000001,145.0,149.95,45.87,114.78999999999999,77.53,45.87,151.68,90.24,124.13,190.82,56.959999999999994,80.87,166.63,86.63,159.13,160.79000000000002,71.69,80.87,181.35999999999999,167.45000000000002,143.64000000000001,127.5,144.1,45.87,103.32000000000001,77.53,61.36,173.32,110.82000000000001,124.13,194.07,174.13,124.13,148.07,69.67,159.13,127.5,71.69,159.13,140.21,177.39000000000001,124.13,127.5,135.0,45.87,94.21,156.63,61.36,160.79000000000002,123.53,45.87,88.37,135.0,45.87,160.79000000000002,77.53,159.13,151.68,123.53,169.07,145.0,128.32,169.07,140.21,177.39000000000001,102.5,149.13,131.39,169.07,134.18,89.19,102.5,194.07,149.95,159.13,114.78999999999999,144.1,45.87,151.68,180.82,102.5,127.5,132.45,169.07,127.5,56.959999999999994,80.87,88.37,131.39,35.93,120.82000000000001,56.959999999999994,143.64000000000001,145.0,110.82000000000001,102.5,197.5,149.95,45.87,140.21,47.5,80.87,106.92999999999999,128.32,35.93,114.78999999999999,54.19,143.64000000000001,127.5,144.1,159.13,103.32000000000001,65.0,143.64000000000001,160.79000000000002,132.45,102.5,194.07,151.96,45.87,127.5,123.53,35.93,110.0,135.0,159.13,94.21,65.0,61.36,94.21,151.96,102.5,184.13,123.53,159.13,88.37,56.959999999999994,61.36,110.0,98.10000000000001,169.07,145.0,164.68,143.64000000000001,110.0,104.13,169.07,148.07,123.53,35.93,145.0,110.82000000000001,169.07,149.13,156.63,143.64000000000001,94.21,117.5,169.07,148.07,128.32,35.93,140.21,174.13,124.13,106.92999999999999,44.24,124.13,127.5,47.5,124.13,148.07,164.68,124.13,88.37,131.39,35.93,134.18,177.39000000000001,102.5,105.87,77.53,45.87,103.32000000000001,77.53,143.64000000000001,173.32,132.45,35.93,127.5,110.82000000000001,45.87,86.35999999999999,167.45000000000002,102.5,86.35999999999999,71.69,45.87,114.78999999999999,56.959999999999994,124.13,166.63,98.10000000000001,45.87,88.37,71.69,124.13,181.35999999999999,86.63,45.87,94.21,117.5,35.93,106.92999999999999,110.82000000000001,159.13,86.35999999999999,174.13,80.87,148.07,69.67,102.5,184.13,110.82000000000001,35.93,105.87,98.10000000000001,159.13,88.37,71.69,80.87,73.64,104.13,35.93,106.92999999999999,86.63,45.87,160.79000000000002,44.24,102.5,149.13,77.53,61.36,81.67999999999999,98.10000000000001,35.93,110.0,90.24,35.93,120.82000000000001,174.1,143.64000000000001,173.32,162.45000000000002,102.5,194.07,204.13,124.13,106.92999999999999,194.68,124.13,88.37,174.1,45.87,103.32000000000001,194.68,143.64000000000001,110.0,140.82,35.93,105.87,140.82,80.87,194.07,119.19,169.07,127.5,179.95000000000002,124.13,181.35999999999999,147.5,35.93,106.92999999999999,161.39,169.07,120.82000000000001,86.96,124.13,88.37,128.1,35.93,145.0,158.32,169.07,114.78999999999999,161.39,80.87,190.82,134.13,35.93,106.92999999999999,179.95000000000002,80.87,73.64,194.68,124.13,166.63,153.53,169.07,110.0,84.19,102.5,86.35999999999999,174.1,61.36,81.67999999999999,147.5,169.07,106.92999999999999,207.39000000000001,102.5,105.87,123.32000000000001,61.36,181.35999999999999,140.82,169.07,105.87,128.1,35.93,110.0,181.96,102.5,184.13,134.13,169.07,106.92999999999999,140.82,61.36,184.13,134.13,35.93,148.07,197.45000000000002,102.5,168.64999999999998,128.1,169.07,110.0,197.45000000000002,102.5,86.35999999999999,123.32000000000001,169.07,114.78999999999999,158.32,61.36,181.35999999999999,123.32000000000001,35.93,114.78999999999999,120.24,169.07,120.82000000000001,140.82,35.93,149.13,179.95000000000002,80.87,181.35999999999999,74.24000000000001,124.13,127.5,77.5,124.13,148.07,147.5,35.93,148.07,194.68,80.87,166.63,161.39,35.93,120.82000000000001,153.53,35.93,145.0,77.5,124.13,106.92999999999999,128.1,45.87,166.63,174.1,143.64000000000001,81.67999999999999,140.82,45.87,168.64999999999998,74.24000000000001,102.5,149.13,179.95000000000002,124.13,73.64,70.82,102.5,127.5,181.96,102.5,70.87,153.53,45.87,166.63,174.1,61.36,173.32,99.67,159.13,127.5,101.69,159.13,140.21,74.24000000000001,102.5,105.87,86.96,80.87,88.37,123.32000000000001,35.93,140.21,95.0,61.36,94.21,207.39000000000001,80.87,127.5,107.53,159.13,151.68,86.96,61.36,110.0,158.32,35.93,140.21,128.1,159.13,166.63,204.13,80.87,148.07,116.63,159.13,160.79000000000002,86.96,80.87,166.63,165.0,159.13,160.79000000000002,140.82,159.13,168.64999999999998,161.39,35.93,134.18,101.69,80.87,181.35999999999999,120.24,80.87,190.82,186.63,61.36,160.79000000000002,194.68,61.36,145.0,174.1,159.13,151.68,153.53,159.13,166.63,162.45000000000002,35.93,127.5,116.63,45.87,94.21,107.53,61.36,173.32,197.45000000000002,61.36,127.5,179.95000000000002,159.13,140.21,158.32,143.64000000000001,73.64,86.96,143.64000000000001,145.0,123.32000000000001,143.64000000000001,181.35999999999999,140.82,32.5,127.5,140.82,143.64000000000001,70.87,84.19,143.64000000000001,127.5,107.53,45.87,103.32000000000001,181.96,159.13,127.5,95.0,143.64000000000001,160.79000000000002,140.82,143.64000000000001,184.13,123.32000000000001,143.64000000000001,73.64,165.0,45.87,160.79000000000002,101.69,45.87,114.78999999999999,158.32,143.64000000000001,181.35999999999999,186.63,143.64000000000001,160.79000000000002,107.53,143.64000000000001,81.67999999999999,174.1,45.87,151.68,194.68,143.64000000000001,145.0,161.39,124.13,64.18,179.95000000000002,45.87,140.21,197.45000000000002,143.64000000000001,127.5,140.82,124.13,60.93,181.96,45.87,127.5,120.24,35.93,120.82000000000001,140.82,124.13,194.07,161.39,124.13,190.82,120.24,124.13,64.18,86.96,61.36,145.0,128.1,169.07,145.0,84.19,61.36,127.5,134.13,169.07,148.07,101.69,124.13,73.64,204.13,124.13,148.07,95.0,61.36,160.79000000000002,140.82,169.07,149.13,147.5,169.07,148.07,207.39000000000001,124.13,127.5,74.24000000000001,80.87,127.5,77.5,80.87,148.07,153.53,169.07,145.0,99.67,45.87,127.5,101.69,45.87,140.21,153.53,159.13,88.37,77.5,80.87,106.92999999999999,107.53,143.64000000000001,173.32,107.53,45.87,151.68,140.82,159.13,86.35999999999999,116.63,45.87,160.79000000000002,128.1,159.13,88.37,86.96,124.13,166.63,162.45000000000002,102.5,60.93,204.13,80.87,106.92999999999999,120.24,35.93,134.18,140.82,172.5,127.5,101.69,124.13,181.35999999999999,207.39000000000001,102.5,149.13,194.68,80.87,88.37,161.39,80.87,64.18,140.82,102.5,57.5,123.32000000000001,169.07,140.21,120.24,124.13,190.82,210.82,102.5,127.5,119.19,35.93,127.5,194.68,61.36,110.0,140.82,80.87,60.93,119.19,102.5,60.93,186.63,61.36,94.21,158.32,169.07,140.21,120.24,80.87,64.18,99.67,102.5,70.87,161.39,169.07,134.18,162.45000000000002,169.07,127.5,84.19,102.5,168.64999999999998,101.69,80.87,73.64,179.95000000000002,45.87,114.78999999999999,99.67,102.5,184.13,119.19,102.5,194.07,179.95000000000002,159.13,114.78999999999999,158.32,61.36,73.64,116.63,159.13,94.21,140.82,102.5,197.5,140.82,61.36,70.87,174.1,159.13,103.32000000000001,165.0,45.87,94.21,107.53,159.13,103.32000000000001,123.32000000000001,61.36,73.64,165.0,159.13,94.21,153.53,45.87,88.37,101.69,159.13,114.78999999999999,107.53,61.36,81.67999999999999,140.82,45.87,86.35999999999999,186.63,143.64000000000001,94.21,128.1,45.87,88.37,95.0,143.64000000000001,94.21,86.96,143.64000000000001,110.0,120.24,169.07,134.18,158.32,35.93,114.78999999999999,153.53,35.93,110.0,97.65,140.0,189.5,97.07000000000001,140.0,191.67000000000002,95.82000000000001,137.5,193.82999999999998,95.48,141.82999999999998,190.75,90.82000000000001,141.82999999999998,189.5,95.82000000000001,141.82999999999998,189.5,90.82000000000001,137.5,193.82999999999998,88.99,140.0,189.5,88.99,135.0,189.5,97.07000000000001,140.0,187.33,93.32000000000001,135.0,193.82999999999998,89.57000000000001,140.0,191.67000000000002,91.15,141.82999999999998,188.25,93.32000000000001,137.5,194.5,93.32000000000001,137.5,184.5,95.48,140.0,185.75,89.57000000000001,140.0,187.33,95.48,141.82999999999998,188.25,91.15,133.17000000000002,190.75,91.15,141.82999999999998,190.75,89.57000000000001,135.0,191.67000000000002,90.82000000000001,133.17000000000002,189.5,91.15,140.0,193.25,90.82000000000001,137.5,185.17,92.07000000000001,141.82999999999998,191.67000000000002,95.48,135.0,193.25,97.07000000000001,135.0,187.33,97.65,137.5,187.0,95.48,140.0,193.25,92.07000000000001,133.17000000000002,191.67000000000002,94.57000000000001,141.82999999999998,187.33,93.32000000000001,142.5,189.5,93.32000000000001,140.0,185.17,93.32000000000001,141.82999999999998,187.0,91.15,140.0,185.75,95.48,135.0,185.75,88.99,137.5,187.0,93.32000000000001,141.82999999999998,192.0,97.07000000000001,135.0,191.67000000000002,94.57000000000001,141.82999999999998,191.67000000000002,93.32000000000001,135.0,185.17,91.15,135.0,185.75,93.32000000000001,133.17000000000002,192.0,89.57000000000001,135.0,187.33,97.65,137.5,192.0,94.57000000000001,133.17000000000002,191.67000000000002,95.48,133.17000000000002,188.25,98.32000000000001,137.5,189.5,88.32000000000001,137.5,189.5,88.99,137.5,192.0,95.48,133.17000000000002,190.75,93.32000000000001,140.0,193.82999999999998,94.57000000000001,133.17000000000002,187.33,93.32000000000001,132.5,189.5,92.07000000000001,133.17000000000002,187.33,97.65,135.0,189.5,91.15,133.17000000000002,188.25,95.82000000000001,133.17000000000002,189.5,93.32000000000001,133.17000000000002,187.0,91.15,135.0,193.25,95.82000000000001,137.5,185.17,92.07000000000001,141.82999999999998,187.33,157.82,137.5,195.0,155.65,141.82999999999998,191.25,156.57,141.82999999999998,192.17,157.82,142.5,190.0,160.32,137.5,194.32999999999998,162.15,137.5,192.5,157.82,141.82999999999998,192.5,152.82,137.5,190.0,153.49,137.5,192.5,157.82,137.5,185.0,162.82,137.5,190.0,155.65,133.17000000000002,191.25,157.82,133.17000000000002,192.5,159.98,140.0,186.25,159.98,133.17000000000002,191.25,153.49,140.0,190.0,159.07,141.82999999999998,192.17,159.98,141.82999999999998,191.25,155.65,140.0,186.25,155.32,133.17000000000002,190.0,159.98,135.0,193.75,160.32,141.82999999999998,190.0,159.98,141.82999999999998,188.75,155.32,137.5,185.67000000000002,153.49,137.5,187.5,154.07,140.0,187.83,159.07,141.82999999999998,187.83,155.32,137.5,194.32999999999998,161.57,135.0,192.17,157.82,141.82999999999998,187.5,159.98,140.0,193.75,155.32,141.82999999999998,190.0,154.07,135.0,192.17,156.57,141.82999999999998,187.83,154.07,140.0,192.17,162.15,135.0,190.0,162.15,137.5,187.5,155.65,141.82999999999998,188.75,155.65,135.0,193.75,153.49,135.0,190.0,157.82,135.0,185.67000000000002,161.57,140.0,192.17,161.57,140.0,187.83,157.82,135.0,194.32999999999998,160.32,137.5,185.67000000000002,155.65,140.0,193.75,155.65,135.0,186.25,157.82,140.0,194.32999999999998,161.57,135.0,187.83,154.07,135.0,187.83,159.07,133.17000000000002,192.17,162.15,140.0,190.0,157.82,133.17000000000002,187.5,156.57,133.17000000000002,187.83,157.82,132.5,190.0,157.82,140.0,185.67000000000002,159.98,135.0,186.25,155.65,133.17000000000002,188.75,160.32,133.17000000000002,190.0,156.57,133.17000000000002,192.17,159.98,133.17000000000002,188.75,159.07,133.17000000000002,187.83,77.96000000000001,29.64,100.0,77.96000000000001,29.64,102.5,77.96000000000001,29.64,97.5,62.47,0.53,102.17,80.37,29.29,100.0,61.589999999999996,0.66,101.25,62.474999999999994,0.539,97.83,62.474,0.539,97.83,62.474999999999994,0.539,97.83,63.68000000000001,0.36,100.0,63.68000000000001,0.36,97.5,79.16,29.47,97.83,63.68000000000001,0.36,102.5,79.16,29.47,102.17,80.05000000000001,29.340000000000003,98.75,66.09,0.0,100.0,64.89,0.18,97.83,64.89,0.18,102.17,76.75,29.82,102.17,65.77,0.05,101.25,76.75,29.82,97.83,65.77,0.05,98.75,62.474999999999994,0.539,97.83,62.474999999999994,0.539,97.83,75.86,29.950000000000003,98.75,75.54,30.0,100.0,80.05000000000001,29.340000000000003,101.25,61.589999999999996,0.66,98.75,75.86,29.950000000000003,101.25,62.474,0.539,97.83,62.47,0.53,97.83,61.260000000000005,0.71,100.0,168.32,31.79,100.0,169.52,31.97,97.83,173.15,32.5,100.0,168.64000000000001,31.840000000000003,101.25,172.82,32.45,98.75,170.73000000000002,32.14,97.5,172.82,32.45,101.25,186.22,3.03,102.17,187.10000000000002,3.16,101.25,185.01000000000002,2.86,100.0,183.79999999999998,2.68,102.17,185.01000000000002,2.86,102.5,182.92000000000002,2.55,101.25,182.92000000000002,2.55,98.75,183.79999999999998,2.68,97.83,186.22,3.03,97.83,187.10000000000002,3.16,98.75,187.42000000000002,3.21,100.0,171.94,32.32,97.83,170.73000000000002,32.14,100.0,169.52,31.97,102.17,185.01000000000002,2.86,97.5,170.73000000000002,32.14,102.5,171.94,32.32,102.17,168.64000000000001,31.840000000000003,98.75,182.60000000000002,2.5,100.0,107.53,173.07,168.16,148.16,52.599999999999994,183.48,82.57999999999998,188.93,75.05,138.71,16.07,51.8,125.79,16.07,149.9,209.28,152.4,77.63,39.36,52.599999999999994,100.0,42.31,52.599999999999994,122.37,200.64,152.4,56.790000000000006,150.74,16.07,56.790000000000006,107.53,173.07,31.840000000000003,138.71,16.07,148.2,125.79,173.07,170.57,125.79,16.07,50.099999999999994,90.51,173.07,38.89,144.06,173.07,168.16,186.91,152.4,38.89,150.74,16.07,143.21,169.01,152.4,25.150000000000002,161.08,31.93,161.11,55.22,31.93,100.0,57.629999999999995,31.93,118.26,75.89,173.07,50.099999999999994,161.08,16.07,135.28,218.90999999999997,128.33,75.05,144.06,6.1,81.74,64.68,173.07,64.72,209.28,128.33,51.8,125.79,6.1,125.83,138.71,6.1,77.63,138.71,198.9,122.37,132.48,6.1,124.94999999999999,144.06,198.9,118.26,193.96,128.33,31.840000000000003,57.629999999999995,173.07,81.74,148.16,198.9,112.92,132.48,6.1,75.05,150.74,198.9,106.69,77.59,16.07,112.92,173.99,128.33,16.52,169.01,152.4,174.85,75.89,16.07,100.0,100.84,76.67,193.11,173.99,128.33,183.48,77.59,16.07,87.08,193.96,128.33,168.16,82.57999999999998,52.599999999999994,174.85,90.51,31.93,161.11,175.69,102.5,186.43,125.79,202.3,100.0,103.42,52.599999999999994,183.48,186.91,152.4,161.11,196.35999999999999,102.5,170.57,82.57999999999998,16.07,124.94999999999999,200.64,152.4,143.21,90.51,16.07,135.28,125.79,6.1,74.17,222.19,102.5,74.17,173.99,76.67,183.48,100.84,16.07,143.21,148.16,152.4,16.52,151.62,198.9,100.0,209.28,128.33,148.2,212.22000000000003,102.5,50.099999999999994,150.74,198.9,93.31,193.96,76.67,168.16,112.88,16.07,148.2,148.16,198.9,87.08,125.79,152.4,13.57,218.90999999999997,128.33,124.94999999999999,196.35999999999999,102.5,29.43,103.42,152.4,16.52,175.69,102.5,13.57,169.01,52.599999999999994,174.85,82.57999999999998,152.4,25.150000000000002,212.22000000000003,102.5,149.9,150.74,128.33,6.89,222.19,102.5,125.83,150.74,76.67,6.89,125.79,128.33,3.5999999999999996,107.53,31.93,168.16,125.79,76.67,3.5999999999999996,100.84,128.33,6.89,148.16,52.599999999999994,16.52,119.11,6.1,124.94999999999999,125.79,52.599999999999994,13.57,57.629999999999995,76.67,168.16,77.59,76.67,183.48,209.28,152.4,122.37,218.90999999999997,76.67,75.05,209.28,76.67,51.8,138.71,6.1,122.37,99.96000000000001,198.9,100.0,100.84,198.9,106.69,212.22000000000003,152.4,100.0,103.42,198.9,112.92,209.28,52.599999999999994,77.63,107.53,198.9,118.26,161.08,31.93,38.89,144.06,6.1,118.26,112.88,198.9,122.37,169.01,188.93,124.94999999999999,144.06,31.93,31.840000000000003,151.62,102.5,3.5999999999999996,200.64,52.599999999999994,56.790000000000006,148.16,6.1,112.92,222.19,128.33,100.0,175.69,173.07,149.9,125.79,31.93,29.43,125.79,102.5,0.2,150.74,6.1,106.69,186.91,173.07,135.28,99.96000000000001,102.5,3.5999999999999996,193.96,31.93,81.74,103.42,198.9,87.08,100.84,198.9,93.31,186.91,31.93,64.72,225.59,102.5,100.0,175.69,31.93,50.099999999999994,64.68,152.4,38.89,173.99,188.93,112.92,169.01,16.07,75.05,50.940000000000005,152.4,56.790000000000006,112.88,16.07,51.8,175.69,188.93,100.0,42.31,152.4,77.63,209.28,76.67,148.2,151.62,6.1,100.0,100.84,16.07,56.790000000000006,173.99,188.93,87.08,77.59,128.33,16.52,218.90999999999997,76.67,124.94999999999999,150.74,6.1,93.31,57.629999999999995,128.33,31.840000000000003,75.89,188.93,100.0,77.59,188.93,112.92,193.96,173.07,118.26,90.51,16.07,64.72,42.31,128.33,51.8,148.16,6.1,87.08,186.91,52.599999999999994,161.11,196.35999999999999,173.07,100.0,32.68,128.33,75.05,82.57999999999998,16.07,75.05,77.59,188.93,87.08,200.64,52.599999999999994,143.21,193.96,76.67,31.840000000000003,125.79,2.7,100.0,119.11,6.1,75.05,173.99,76.67,16.52,55.22,173.07,100.0,57.629999999999995,173.07,118.26,112.88,6.1,77.63,186.91,52.599999999999994,38.89,107.53,6.1,81.74,169.01,52.599999999999994,25.150000000000002,175.69,31.93,149.9,64.68,173.07,135.28,169.01,188.93,75.05,75.89,173.07,149.9,186.91,31.93,135.28,75.89,102.5,13.57,193.96,173.07,81.74,55.22,102.5,29.43,186.91,173.07,64.72,39.36,102.5,50.099999999999994,29.39,102.5,74.17,175.69,173.07,50.099999999999994,169.01,16.07,124.94999999999999,100.84,76.67,6.89,50.940000000000005,152.4,143.21,103.42,52.599999999999994,16.52,64.68,152.4,161.11,82.57999999999998,52.599999999999994,25.150000000000002,107.53,31.93,31.840000000000003,82.57999999999998,152.4,174.85,90.51,31.93,38.89,125.79,198.9,125.83,161.08,16.07,64.72,132.48,198.9,124.94999999999999,32.68,128.33,124.94999999999999,222.19,76.67,100.0,125.79,188.93,149.9,103.42,152.4,183.48,100.84,6.1,106.69,42.31,128.33,148.2,209.28,52.599999999999994,122.37,99.96000000000001,6.1,100.0,138.71,188.93,148.2,103.42,6.1,112.92,212.22000000000003,52.599999999999994,100.0,125.79,152.4,186.43,150.74,188.93,143.21,42.31,76.67,51.8,107.53,6.1,118.26,148.16,152.4,183.48,161.08,188.93,135.28,29.39,102.5,125.83,112.88,6.1,122.37,32.68,76.67,75.05,100.84,128.33,193.11,103.42,6.1,87.08,193.96,31.93,118.26,39.36,102.5,149.9,50.940000000000005,52.599999999999994,56.790000000000006,196.35999999999999,31.93,100.0,125.79,128.33,196.4,100.84,6.1,93.31,150.74,128.33,193.11,42.31,52.599999999999994,77.63,161.08,173.07,161.11,173.99,16.07,112.92,144.06,198.9,81.74,75.89,31.93,50.099999999999994,138.71,198.9,77.63,175.69,16.07,100.0,132.48,198.9,75.05,125.79,198.9,74.17,64.68,31.93,64.72,173.99,16.07,87.08,161.08,188.93,64.72,57.629999999999995,31.93,81.74,42.31,152.4,122.37,39.36,152.4,100.0,119.11,198.9,124.94999999999999,150.74,188.93,56.790000000000006,99.96000000000001,102.5,196.4,82.57999999999998,188.93,124.94999999999999,29.39,128.33,100.0,138.71,188.93,51.8,125.79,102.5,199.8,32.68,76.67,124.94999999999999,90.51,188.93,135.28,125.79,188.93,50.099999999999994,151.62,102.5,196.4,42.31,76.67,148.2,25.990000000000002,102.5,100.0,100.84,188.93,143.21,77.59,76.67,16.52,50.940000000000005,52.599999999999994,143.21,112.88,188.93,148.2,57.629999999999995,76.67,31.840000000000003,64.68,52.599999999999994,161.11,161.08,173.07,38.89,144.06,173.07,31.840000000000003,125.79,173.07,29.43,64.68,31.93,135.28,64.68,52.599999999999994,38.89,75.89,31.93,149.9,119.11,198.9,75.05,90.51,173.07,161.11,57.629999999999995,128.33,168.16,112.88,198.9,77.63,107.53,198.9,81.74,112.88,188.93,51.8,77.59,128.33,183.48,100.84,188.93,56.790000000000006,90.51,188.93,64.72,55.22,102.5,170.57,29.39,76.67,100.0,75.89,102.5,186.43,125.79,76.67,196.4,150.74,76.67,193.11,125.79,52.599999999999994,186.43,125.79,31.93,170.57,144.06,31.93,168.16,41.349999999999994,124.64,105.0,53.94,105.98,117.99,45.55,118.42,117.99,49.74,112.2,105.0,44.57,93.04,105.0,33.67,109.2,116.25,21.909999999999997,99.82,114.19,50.46,103.94999999999999,117.55000000000001,14.530000000000001,83.93,98.5,27.839999999999996,91.03,114.19,14.530000000000001,83.93,111.5,30.04,114.58,105.0,10.34,90.15,111.5,2.25,82.50999999999999,108.36,42.36,115.96000000000001,117.55000000000001,21.909999999999997,99.82,95.81,54.51,97.94,105.0,8.24,93.25,105.0,18.939999999999998,104.22,105.0,40.940000000000005,98.43,93.75,5.5,77.67999999999999,105.0,4.42,79.29,108.36,0.0,78.65,105.0,33.67,109.2,93.75,1.1600000000000001,84.12,105.0,27.839999999999996,91.03,95.81,45.55,118.42,92.01,10.34,90.15,98.5,2.25,82.50999999999999,101.64,30.8,86.63,105.0,42.36,115.96000000000001,92.44999999999999,4.42,79.29,101.64,38.31,121.96,105.0,50.46,103.94999999999999,92.44999999999999,40.940000000000005,98.43,116.25,58.129999999999995,99.77000000000001,105.0,16.63,80.82000000000001,105.0,53.94,105.98,92.01,250.26,81.72,108.36,249.29,80.03999999999999,105.0,254.71,81.38999999999999,105.0,213.47000000000003,121.92999999999999,105.0,252.2,85.07999999999998,108.36,209.85,115.66000000000001,117.55000000000001,210.25,124.38000000000001,105.0,253.17000000000002,86.76,105.0,252.2,85.07999999999998,101.64,231.38000000000002,100.99000000000001,114.19,250.26,81.72,101.64,206.5,117.89,92.01,234.02999999999997,105.58,105.0,199.0,104.9,117.99,195.25,98.4,105.0,198.98,96.83999999999999,105.0,226.08,91.8,114.19,231.38000000000002,100.99000000000001,95.81,212.48999999999998,98.27,93.75,218.98,109.52,116.25,206.5,117.89,117.99,218.98,109.52,93.75,209.85,115.66000000000001,92.44999999999999,223.42,87.21000000000001,105.0,243.59000000000003,92.14,111.5,222.23,115.13999999999999,105.0,239.84000000000003,85.64,98.5,226.08,91.8,95.81,243.59000000000003,92.14,98.5,239.84000000000003,85.64,111.5,245.47,95.39,105.0,212.48999999999998,98.27,116.25,237.97,82.4,105.0,202.60000000000002,103.11,117.55000000000001,199.0,104.9,92.01,209.24,92.63999999999999,105.0,202.60000000000002,103.11,92.44999999999999,160.82,116.88000000000001,172.5,125.82000000000001,87.5,172.5,90.82000000000001,116.88000000000001,172.5,125.82000000000001,146.27,172.5,125.82000000000001,116.88000000000001,220.47,];
faces=[1,10,0,1,15,10,0,10,17,0,17,339,14,167,16,15,24,25,3,69,7,12,302,28,27,28,302,3,64,69,23,29,22,10,15,25,69,23,7,10,25,32,302,331,26,10,32,17,7,23,9,32,4,17,30,43,38,42,51,41,51,52,41,73,35,46,331,45,31,46,35,86,43,285,38,44,41,52,50,86,35,42,156,54,4,326,2,47,55,19,35,57,36,57,35,39,13,19,55,21,13,83,63,306,62,44,52,61,60,61,52,83,84,21,43,65,285,67,258,300,21,84,34,66,68,11,71,72,77,35,73,39,65,68,66,68,76,11,40,75,47,55,47,89,75,89,47,11,76,18,69,29,23,29,80,22,80,30,22,48,82,37,79,60,52,80,43,30,83,13,55,80,65,43,72,79,77,90,83,55,48,85,82,80,68,65,37,82,88,80,76,68,77,79,52,91,92,78,46,86,145,129,128,86,55,89,90,88,49,37,49,88,97,91,99,92,90,101,83,107,90,89,93,102,95,97,56,49,83,101,84,56,106,64,78,92,75,105,103,6,97,106,56,104,105,6,108,124,34,92,99,107,99,109,107,75,92,89,92,107,89,111,112,121,90,114,101,107,114,90,115,77,113,102,113,95,77,115,71,118,124,117,124,125,117,113,77,95,120,117,125,112,123,121,6,121,123,123,104,6,127,126,131,120,125,129,128,129,125,95,131,126,95,126,93,133,108,196,108,133,116,130,135,132,116,136,122,139,140,142,138,121,137,133,136,116,119,59,317,122,136,141,121,132,137,121,138,111,135,137,132,317,283,119,119,283,134,145,128,125,140,145,142,35,162,148,133,147,136,35,150,162,142,145,125,136,174,141,130,132,151,150,35,168,146,151,149,174,136,147,35,153,168,132,149,151,127,131,144,153,35,186,143,144,131,156,186,35,152,155,154,110,69,64,143,131,158,106,110,64,161,142,160,110,29,69,159,158,131,142,161,139,184,182,162,131,163,159,313,323,151,147,157,190,147,190,174,85,80,82,80,88,82,142,154,160,155,160,154,80,97,88,162,150,158,80,106,97,167,14,166,80,110,106,166,176,187,80,29,110,166,187,167,154,175,170,173,159,163,169,170,175,152,154,170,172,171,177,146,149,165,164,165,149,176,166,141,178,5,98,171,188,177,107,109,114,172,177,181,181,177,183,184,163,182,163,5,182,149,185,180,164,149,179,141,174,176,163,184,173,180,179,149,24,181,183,192,176,174,176,194,187,178,182,5,176,192,194,42,41,156,177,193,183,177,188,193,174,190,192,313,165,164,318,313,179,330,52,51,34,196,108,84,196,34,198,180,185,195,266,208,84,199,196,191,175,189,200,171,172,101,199,84,199,201,196,175,191,169,124,118,202,200,197,171,199,213,201,196,201,133,201,147,133,210,185,209,185,124,209,114,211,101,189,175,205,185,210,198,199,101,211,211,213,199,195,208,15,202,209,124,212,206,175,205,175,206,197,207,214,181,208,203,201,157,147,213,157,201,195,15,1,215,216,217,215,218,216,197,214,171,214,188,171,217,219,220,57,39,205,203,172,181,216,219,217,208,24,15,219,259,220,204,243,221,295,6,5,208,181,24,204,221,207,95,77,336,224,206,212,223,228,222,228,229,222,218,226,227,207,225,214,45,222,229,218,227,216,221,225,207,214,225,230,228,223,231,331,36,222,99,91,232,131,95,59,99,233,109,331,222,45,188,214,230,232,233,99,235,212,234,212,228,234,188,236,193,224,212,235,188,230,236,31,45,229,229,33,31,121,19,132,59,119,131,231,234,228,131,119,163,28,27,239,132,13,149,124,108,125,5,163,134,33,229,26,229,239,26,27,26,239,241,274,240,142,125,116,238,237,287,237,281,287,108,116,125,289,240,238,116,122,142,20,244,242,245,157,213,19,13,132,163,119,134,12,239,8,239,244,8,8,244,20,243,241,307,245,265,157,28,239,12,243,308,221,243,307,308,21,149,13,154,142,122,149,21,185,148,182,178,148,178,98,242,244,248,245,247,249,148,162,182,67,248,250,143,158,150,144,143,150,245,249,265,227,260,216,162,158,159,173,184,162,159,173,162,244,250,248,226,9,251,226,251,227,251,254,227,150,126,127,127,144,150,34,124,185,93,126,168,150,168,126,277,251,9,242,248,312,300,312,248,277,9,23,115,113,153,255,256,246,38,254,251,67,300,248,93,168,102,247,246,256,249,247,237,79,72,153,256,237,247,21,34,185,249,237,238,79,153,186,259,78,220,91,78,259,118,50,202,250,257,258,260,219,216,67,250,258,276,255,253,164,179,313,261,259,219,168,153,113,257,250,262,262,250,62,255,278,256,180,198,318,260,261,219,168,113,102,261,263,259,210,318,198,115,153,71,72,71,153,264,62,250,259,263,91,265,190,157,70,100,266,263,232,91,254,260,227,209,202,50,190,265,267,254,268,260,50,318,209,70,266,74,265,272,267,81,74,195,161,46,139,140,139,46,261,260,268,258,257,300,262,300,257,190,267,192,192,267,270,261,269,263,145,86,128,195,74,266,179,180,318,81,195,1,261,268,269,63,62,264,86,50,117,192,270,194,269,271,263,81,1,87,86,117,120,151,146,313,146,165,313,272,265,249,232,263,271,42,54,51,249,238,272,130,151,323,232,252,233,267,274,270,271,252,232,94,273,100,267,272,274,234,231,36,223,36,231,58,264,53,264,51,53,53,51,54,266,100,203,272,240,274,235,234,57,36,57,234,63,264,58,272,238,240,130,323,135,273,203,100,191,189,39,189,205,39,268,66,269,252,275,253,266,203,208,57,205,206,235,57,224,206,224,57,275,252,18,138,314,111,112,111,314,275,276,253,294,275,18,329,105,104,329,104,123,279,229,228,18,252,271,273,200,172,39,170,169,39,169,191,98,96,148,329,148,96,273,172,203,39,73,170,152,170,73,16,279,228,96,103,329,73,46,160,161,160,46,277,38,251,276,278,255,256,278,281,22,277,23,22,30,277,73,160,155,277,30,38,282,239,229,283,284,280,256,281,237,73,155,152,285,268,254,283,286,284,284,288,280,239,282,70,145,140,46,282,229,279,38,285,254,285,66,268,244,239,70,238,287,289,288,40,280,288,75,40,285,65,66,286,215,217,194,290,291,194,270,290,287,305,289,284,286,217,11,271,269,292,293,291,217,220,284,284,220,288,290,292,291,288,78,75,293,292,197,269,66,11,220,78,288,333,94,279,11,18,271,294,18,76,295,5,134,294,296,275,134,280,295,200,293,197,282,279,94,134,283,280,270,274,297,282,100,70,94,100,282,270,297,290,275,296,276,74,250,244,296,299,276,292,290,204,298,121,6,35,306,156,290,297,204,292,207,197,299,278,276,306,35,300,292,204,207,278,301,281,300,35,312,298,6,295,299,301,278,241,297,274,312,35,302,298,19,121,297,243,204,302,35,331,297,241,243,281,303,287,331,35,36,304,241,240,301,303,281,305,287,303,53,54,156,289,304,240,307,241,304,74,244,70,319,304,289,76,80,294,53,156,306,280,40,295,80,296,294,81,250,74,80,299,296,298,295,40,80,301,299,298,47,19,40,47,298,80,303,301,80,305,303,309,211,114,221,308,310,35,318,50,114,109,309,324,308,307,35,313,318,211,311,213,186,60,79,61,60,186,313,35,323,264,250,81,221,310,225,309,311,211,323,35,314,311,245,213,186,156,41,314,35,329,225,315,230,311,247,245,44,186,41,148,329,35,225,310,315,264,87,51,109,233,316,61,186,44,230,315,48,233,253,316,109,316,309,246,311,309,317,59,342,315,85,48,316,246,309,210,209,318,230,48,236,342,321,317,246,247,311,233,252,253,316,255,246,319,289,305,253,255,316,304,319,322,87,264,81,342,320,321,322,307,304,321,286,317,307,322,324,306,58,53,321,215,286,328,215,321,262,306,300,138,137,314,317,286,283,323,314,137,262,62,306,63,58,306,308,325,310,308,324,325,326,320,2,137,135,323,320,328,321,326,328,320,327,315,310,123,112,314,12,8,302,312,302,8,325,327,310,8,20,312,20,242,312,85,315,327,26,27,302,330,51,87,123,314,329,87,0,330,31,33,331,33,26,331,87,1,0,223,222,36,77,52,332,80,319,305,103,105,329,16,333,279,80,322,319,333,16,167,167,334,333,80,324,322,167,187,334,80,325,324,332,52,330,333,334,335,77,332,336,80,327,325,94,333,335,80,85,327,335,273,94,118,117,50,187,194,291,96,98,5,5,6,96,103,96,6,334,187,291,95,336,59,334,291,293,334,293,335,86,120,129,335,200,273,335,293,200,338,25,24,330,0,339,24,183,338,337,175,154,340,32,25,330,339,332,341,336,332,338,340,25,154,122,337,341,332,339,337,14,175,341,342,336,141,337,122,337,166,14,183,193,343,141,166,337,183,343,338,336,342,59,14,212,175,339,17,2,17,4,2,351,343,193,228,212,16,339,2,341,342,341,320,14,16,212,2,320,341,344,326,4,344,345,326,344,346,345,326,345,328,345,218,328,328,218,215,345,226,218,346,226,345,350,7,346,346,9,226,7,9,346,32,340,347,32,347,4,347,344,4,348,340,338,338,343,348,349,347,340,349,340,348,349,350,347,347,350,344,350,346,344,193,236,351,236,37,351,348,343,352,351,352,343,348,352,353,349,348,353,3,349,353,236,48,37,351,37,49,351,49,352,352,56,353,352,49,56,353,56,64,353,64,3,349,3,350,3,7,350,364,393,372,368,367,375,373,413,374,375,415,368,415,375,365,372,378,371,379,378,382,366,388,397,379,382,362,362,383,363,359,385,380,383,362,382,387,388,365,365,375,387,383,401,363,385,370,386,354,355,381,359,370,385,354,381,364,356,390,379,371,378,379,371,379,390,401,367,363,365,388,366,362,359,356,379,362,356,381,393,364,397,414,366,362,363,359,393,384,372,382,395,383,363,370,359,404,392,391,400,357,376,372,384,378,382,378,389,367,360,375,367,401,360,394,412,369,384,389,378,402,383,395,389,395,382,412,390,369,414,397,405,387,375,360,407,403,409,404,376,392,404,391,406,398,405,354,398,404,406,403,358,410,374,387,373,358,407,406,370,368,386,400,376,404,391,410,358,405,355,354,413,384,393,404,398,400,392,410,391,374,388,387,376,394,392,394,410,392,398,354,400,373,360,408,358,406,391,396,368,415,357,400,364,369,410,394,388,411,397,411,388,374,409,365,366,369,377,410,376,412,394,377,380,410,397,411,361,413,355,361,413,411,374,400,354,364,380,385,410,413,361,411,396,386,368,413,381,355,385,386,410,357,412,376,357,364,372,414,406,407,415,399,396,386,396,410,372,371,357,393,381,413,357,371,412,396,399,410,412,371,390,405,397,361,399,403,410,390,377,369,406,414,398,413,389,384,407,358,403,414,405,398,413,395,389,405,361,355,415,409,399,383,402,401,377,356,380,413,402,395,415,365,409,413,408,402,401,402,408,408,413,373,390,356,377,399,409,403,367,368,370,401,408,360,356,359,380,370,363,367,387,360,373,366,407,409,366,414,407,471,472,422,446,441,422,436,416,442,416,440,417,416,436,440,417,440,445,441,428,442,453,454,422,417,445,420,441,455,428,445,456,420,430,450,458,442,428,436,451,452,457,420,456,447,461,446,418,447,434,453,418,460,461,456,434,447,434,424,453,446,461,455,433,429,438,444,468,452,429,464,438,453,424,454,446,455,441,451,444,452,436,423,440,465,438,464,457,452,443,437,457,443,456,465,434,433,440,423,444,463,468,466,449,437,440,433,445,465,470,434,454,471,422,456,445,438,460,451,457,437,443,466,430,470,465,430,469,470,448,467,473,426,443,452,449,466,448,433,438,445,460,457,461,472,418,422,469,474,421,432,466,443,470,424,434,466,467,448,448,473,459,461,437,455,426,452,468,458,469,430,466,432,467,422,418,446,475,425,459,426,476,432,458,462,469,461,457,437,455,437,449,438,465,456,448,419,449,459,473,475,469,462,474,470,421,424,459,423,419,422,441,442,449,428,455,429,425,435,470,469,421,419,448,459,442,416,422,421,474,427,471,454,431,425,433,423,417,422,416,419,436,428,424,421,431,474,444,427,476,435,475,420,422,417,475,435,425,424,431,454,427,477,431,476,439,435,423,459,425,420,447,422,429,435,439,428,449,419,474,463,444,421,427,431,476,450,439,453,422,447,462,463,474,471,477,472,423,436,419,476,458,450,425,429,433,444,451,427,467,432,476,467,476,473,476,462,458,431,477,471,476,475,473,427,451,477,439,464,429,476,463,462,477,460,472,432,443,426,476,468,463,464,450,430,460,477,451,468,476,426,439,450,464,464,430,465,460,418,472,497,499,485,485,487,497,499,497,508,478,512,484,507,500,509,495,502,501,503,512,478,495,501,515,480,509,517,512,479,484,502,495,503,502,503,478,533,520,519,480,517,489,489,521,492,484,479,491,517,521,489,479,493,491,524,519,520,525,528,514,521,526,492,510,483,518,519,524,525,527,538,486,508,483,499,487,486,538,492,526,505,483,516,490,538,497,487,505,529,506,481,539,479,490,522,518,525,524,528,508,516,483,505,526,529,522,494,523,539,493,479,506,529,515,522,490,494,502,530,501,535,494,490,504,523,494,532,504,531,502,478,530,493,482,500,513,533,511,531,504,494,484,530,478,500,488,509,491,530,484,506,515,501,482,488,500,504,532,533,491,534,530,509,510,517,511,495,515,533,513,504,507,530,534,515,513,511,532,520,533,513,523,504,533,519,511,507,480,530,490,516,535,538,528,524,481,496,514,488,510,509,480,489,530,536,503,495,526,521,522,517,510,518,489,492,530,526,522,523,498,539,481,517,518,521,536,525,496,492,505,530,514,498,481,511,536,495,505,506,530,536,519,525,526,523,529,510,488,499,531,494,535,506,501,530,536,496,503,514,496,525,522,521,518,531,538,532,519,536,511,534,491,493,529,523,513,499,483,510,538,520,532,498,537,539,529,513,515,538,524,520,503,496,512,493,500,534,537,485,482,514,528,527,512,481,479,534,500,507,528,538,527,539,482,493,509,480,507,514,527,498,496,481,512,486,487,537,539,537,482,518,483,490,498,486,537,537,487,485,538,508,497,485,488,482,486,498,527,538,516,508,538,535,516,485,499,488,531,535,538,543,660,540,551,711,543,557,559,560,553,584,561,578,584,553,550,559,557,559,636,560,545,575,556,560,636,576,565,595,573,545,569,575,607,547,596,590,595,565,574,578,552,551,556,654,575,654,556,555,607,564,678,550,549,552,578,553,577,583,572,564,607,570,554,585,562,546,631,587,582,585,554,656,575,569,585,590,562,584,591,561,563,588,571,572,583,593,569,581,656,563,587,588,561,591,568,562,590,565,571,588,674,580,680,586,577,592,598,593,616,597,601,588,587,586,542,580,587,600,601,577,598,583,604,542,586,599,612,603,540,616,598,604,605,542,605,606,542,597,602,659,594,607,589,703,621,696,702,584,578,606,609,542,592,682,598,607,596,589,644,610,599,706,591,584,620,601,600,609,611,542,622,585,582,611,613,542,607,555,547,613,558,542,585,626,590,612,599,610,706,708,591,585,622,626,603,612,569,615,600,635,630,595,590,612,624,581,569,612,581,616,593,583,603,569,545,630,637,595,620,600,615,582,696,621,577,572,618,714,546,606,621,622,582,618,632,577,607,673,668,606,546,609,612,610,624,597,638,602,617,625,619,607,713,709,625,617,627,624,610,623,615,667,672,607,716,713,628,614,643,607,720,716,619,625,629,672,620,615,611,571,613,607,548,720,626,630,590,607,721,548,620,672,617,626,568,630,614,628,632,583,598,616,594,721,607,627,633,634,651,566,558,595,635,573,623,564,624,559,646,636,552,621,576,703,576,621,614,632,618,573,635,631,587,631,600,635,600,631,621,553,622,576,636,552,574,552,636,627,634,625,595,637,635,597,616,638,621,552,553,625,640,629,553,561,622,625,634,640,700,641,628,622,561,626,615,635,637,644,712,642,602,645,608,700,707,641,599,712,644,638,645,602,619,629,642,639,646,559,561,568,626,628,641,648,629,647,644,629,644,642,649,616,540,644,647,610,540,660,649,633,589,634,638,616,649,558,650,651,628,648,632,687,614,618,623,610,647,638,652,645,632,592,577,574,636,653,632,648,592,633,594,589,649,652,638,652,693,645,646,653,636,634,589,596,717,647,629,653,655,574,717,623,647,574,655,578,650,558,613,656,664,575,665,652,649,650,613,571,637,667,615,542,666,579,660,665,649,670,648,641,664,654,575,650,669,651,667,637,715,691,572,593,549,654,671,667,715,681,674,669,650,663,675,579,719,681,715,670,641,662,691,593,658,651,669,676,639,673,646,648,670,677,593,597,658,663,690,675,671,654,664,658,597,659,668,673,639,579,675,580,671,678,549,673,679,646,677,592,648,602,661,659,675,680,580,651,676,657,682,592,677,602,608,661,598,543,540,608,666,661,646,679,653,667,681,684,680,683,586,639,559,550,666,663,579,598,682,543,666,608,663,679,709,653,608,645,686,550,678,639,665,557,560,599,662,712,581,688,656,645,693,686,686,663,608,662,599,603,667,684,672,672,684,627,662,603,670,650,571,674,674,694,695,692,664,656,545,677,670,663,686,690,603,545,670,672,627,617,690,554,675,677,545,556,566,657,567,688,692,656,693,696,686,692,697,664,582,554,690,677,556,682,665,698,652,566,651,657,607,697,692,675,554,680,556,551,682,643,567,657,682,551,543,695,669,674,697,671,664,680,562,683,657,676,700,652,698,693,655,702,578,705,707,676,567,643,685,698,703,693,554,562,680,671,701,678,669,695,705,685,614,687,700,643,657,699,681,719,685,643,614,700,628,643,689,687,618,562,565,683,699,704,681,697,701,671,693,703,696,686,696,690,701,668,678,702,706,584,689,618,572,696,582,690,698,665,560,700,676,707,681,704,684,676,669,705,684,633,627,689,572,691,678,668,639,694,674,588,704,633,684,570,607,688,683,604,586,588,601,694,692,688,607,683,710,604,541,705,695,558,566,542,707,705,712,683,565,710,566,567,542,653,709,655,541,712,705,604,710,605,542,567,685,662,707,712,541,642,712,697,607,701,543,711,660,687,542,685,655,713,702,605,714,606,711,557,660,689,542,687,607,668,701,691,542,689,710,714,605,662,641,707,549,550,711,709,713,655,630,568,715,711,550,557,658,542,691,713,716,702,660,557,665,715,637,630,542,658,659,694,718,695,629,640,717,659,661,542,719,715,568,702,716,706,666,542,661,568,591,719,698,576,703,634,596,640,718,694,544,706,720,708,708,719,591,609,563,611,547,717,640,560,576,698,541,695,718,640,596,547,717,547,555,579,580,542,619,718,544,708,699,719,716,720,706,718,642,541,720,548,708,555,623,717,718,619,642,546,563,609,564,623,555,571,611,563,549,711,551,548,699,708,601,620,544,624,570,581,551,654,549,620,617,544,624,564,570,699,721,704,688,581,570,544,694,601,544,617,619,565,573,710,548,721,699,573,714,710,594,704,721,714,573,631,714,631,546,546,587,563,704,594,633,673,607,679,607,709,679,724,725,727,740,820,731,742,780,734,731,753,740,731,749,753,745,755,724,745,862,755,857,862,745,729,751,757,724,755,725,729,757,737,723,761,749,892,741,736,761,765,749,737,757,777,897,773,770,749,765,753,751,746,771,848,852,744,725,773,897,762,772,763,744,852,747,771,746,769,809,735,782,772,762,774,751,771,776,775,773,755,725,755,773,761,737,777,751,776,757,730,778,779,777,797,761,754,750,885,775,755,739,862,739,755,780,768,734,768,780,774,781,783,786,735,851,782,769,760,771,768,774,762,756,894,759,774,843,844,901,779,785,774,844,772,786,849,781,765,761,797,798,789,765,882,796,729,774,780,843,793,819,800,765,797,798,759,894,778,798,804,789,791,839,795,778,807,779,792,841,800,746,795,803,811,807,778,789,804,784,779,807,814,746,796,795,788,808,815,752,735,809,796,751,729,796,746,751,809,760,752,810,832,816,817,777,757,808,830,815,809,764,760,827,832,810,788,815,793,809,767,764,779,814,785,812,818,783,758,812,802,803,853,769,792,820,799,809,787,767,817,757,776,809,794,787,817,822,777,819,793,815,809,801,794,803,769,746,786,783,818,722,820,792,722,800,819,832,837,816,820,823,799,809,766,801,816,837,821,809,902,766,822,797,777,798,797,825,799,823,805,824,806,770,800,722,792,778,894,811,809,728,732,873,799,805,748,758,802,805,826,813,797,822,825,770,773,824,805,813,876,811,762,763,809,738,728,824,827,806,825,828,798,876,813,877,809,748,738,823,826,805,807,811,763,812,829,818,809,758,748,806,827,810,798,828,804,758,829,812,807,763,855,883,888,733,819,815,831,888,736,733,815,830,831,776,767,817,860,850,814,722,731,820,819,831,731,817,787,822,740,838,820,809,829,758,817,767,787,820,838,823,840,841,859,803,795,839,823,842,826,731,722,819,825,822,794,841,845,859,849,786,835,734,899,837,838,842,823,835,846,847,836,834,788,723,831,830,790,788,834,791,772,844,824,864,827,744,741,848,742,781,849,749,731,831,856,864,824,836,793,840,836,788,793,849,780,742,840,793,800,871,832,827,835,847,833,787,794,822,785,814,850,843,780,849,833,851,839,840,800,841,833,847,851,843,833,844,850,790,785,828,825,801,848,810,852,833,843,835,839,853,803,788,790,808,844,839,791,839,851,853,792,845,841,844,833,839,794,801,825,850,808,790,845,792,799,846,835,786,773,775,856,799,873,845,747,854,750,766,880,828,786,818,846,855,814,807,745,724,842,858,847,846,843,849,835,856,824,773,852,854,747,855,860,814,861,838,740,740,753,861,854,885,750,850,866,808,867,842,838,850,860,866,865,834,859,866,830,808,858,846,868,836,859,834,775,739,863,847,858,782,861,867,838,840,859,836,864,871,827,784,869,857,863,887,870,745,842,867,881,860,855,884,887,863,782,858,809,804,869,784,869,872,857,892,806,848,847,782,851,873,859,845,770,806,892,851,735,853,832,875,837,873,876,859,753,765,789,876,877,859,772,878,763,857,872,862,870,874,864,871,875,832,877,733,859,848,806,810,862,872,739,743,739,872,789,861,753,837,875,742,878,855,763,810,816,852,733,736,859,789,784,861,853,735,752,861,784,867,736,741,859,742,875,781,804,880,869,878,881,855,857,745,867,816,854,852,741,744,859,860,881,882,784,857,867,837,742,734,818,829,868,828,880,804,744,747,859,821,854,816,881,796,882,880,726,869,739,743,884,854,821,885,877,883,733,747,750,859,863,856,775,860,882,866,750,754,859,846,818,868,884,863,739,877,813,883,863,870,856,754,756,859,869,726,872,866,886,830,868,809,858,756,759,859,856,870,864,866,882,886,889,743,872,759,730,859,890,756,754,864,874,871,830,886,723,887,891,870,829,809,868,726,889,872,885,890,754,874,879,871,889,893,743,888,892,736,894,756,890,848,741,892,879,875,871,790,834,865,870,891,874,813,826,727,874,895,879,891,895,874,831,723,749,781,875,879,893,884,743,727,883,813,895,783,879,781,879,783,873,805,876,791,878,772,883,897,888,853,752,769,881,878,795,791,795,878,893,896,884,727,897,883,726,880,902,899,890,885,884,896,887,769,752,760,897,770,888,887,898,891,796,881,795,885,821,899,896,898,887,771,764,776,890,900,894,859,730,901,888,770,892,891,802,895,882,729,886,771,760,764,901,865,859,890,899,900,898,802,891,886,737,723,889,732,893,826,842,724,759,778,730,802,812,895,894,900,811,886,729,737,764,767,776,895,812,783,779,901,730,761,723,737,893,728,896,727,826,724,811,900,762,901,785,865,732,728,893,900,768,762,727,725,897,728,738,896,896,738,898,821,837,899,748,802,898,790,865,785,899,768,900,738,748,898,899,734,768,828,801,766,902,880,766,726,902,903,903,902,809,726,903,889,903,732,889,809,732,903,904,909,907,909,904,913,913,919,921,908,915,923,912,922,924,910,914,917,912,925,922,917,914,929,928,923,926,915,926,923,921,919,934,934,936,937,911,908,916,917,929,906,930,939,931,927,940,920,927,920,938,920,911,916,935,928,941,919,936,934,941,943,935,942,906,929,937,936,938,943,907,935,907,909,935,918,945,927,932,948,905,915,953,926,937,938,965,940,927,947,945,947,927,934,937,935,944,945,918,940,947,912,925,957,922,949,929,914,959,961,950,904,931,913,905,951,904,952,953,911,946,949,914,948,951,905,929,949,954,940,912,952,930,956,939,955,941,928,911,953,915,929,954,942,910,926,953,948,942,959,950,956,930,956,962,939,955,928,926,948,959,951,942,961,959,955,932,941,945,958,947,960,947,958,942,954,961,918,927,936,917,955,926,952,911,920,959,930,951,939,962,944,947,960,925,936,927,938,920,940,952,944,958,945,904,951,931,933,922,957,952,924,953,951,930,931,957,962,956,941,932,943,962,958,944,952,912,924,933,957,946,910,953,963,947,925,912,959,950,930,943,905,907,919,913,964,924,963,953,957,949,946,914,910,963,909,921,935,957,956,950,957,954,949,933,963,922,932,905,943,958,957,960,910,917,926,935,921,934,922,963,924,961,954,957,963,933,946,964,913,931,904,907,905,925,960,957,958,962,957,963,946,914,964,918,919,906,932,955,950,961,957,939,964,931,937,965,935,964,944,918,908,923,935,939,944,964,955,917,906,919,918,936,923,928,935,935,965,916,906,948,932,916,908,935,942,948,906,913,921,909,908,911,915,916,965,920,938,920,965,967,968,969,968,972,969,972,982,969,982,983,969,983,987,969,995,999,969,970,966,986,988,969,987,975,1012,989,999,1003,969,992,969,988,992,995,969,970,994,971,1003,997,969,973,991,990,970,986,994,989,990,984,991,984,990,973,998,974,993,974,1004,994,1001,971,973,1005,998,972,996,982,998,1004,974,997,1000,967,993,1004,1009,982,1007,983,971,1001,976,968,967,1011,1000,1011,967,1013,972,968,1006,1012,975,1004,978,1009,968,1011,1013,989,1012,990,1015,990,1012,996,1007,982,1014,1002,976,1009,966,993,1008,979,988,1007,1017,983,973,990,1005,1013,996,972,966,1009,986,1008,1010,979,1009,1016,986,1018,1006,1022,1009,978,1016,988,979,992,986,1016,980,976,1001,1014,1019,1012,1006,1014,1022,1002,983,1017,987,1018,1019,1006,992,1021,995,987,1008,988,1005,990,1015,1015,1012,1023,1019,1023,1012,1020,1016,978,1017,1008,987,986,980,994,979,1021,992,1002,1022,1010,1015,1023,985,998,1005,977,1020,980,1016,995,1021,984,975,1010,1006,1021,979,975,1024,980,1020,994,1024,1001,977,1005,985,1006,1010,1022,1025,1004,977,975,989,1021,980,1024,994,1021,989,984,977,1004,998,1020,1018,1027,995,984,999,1000,981,974,1026,1001,1024,978,1004,1025,1020,1019,1018,1001,1026,1014,1020,1025,977,984,991,1003,984,1003,999,970,971,996,974,993,1011,974,1011,1000,1027,1022,1014,1020,978,1025,1023,1019,1020,1003,981,997,971,1007,996,1020,985,1023,1011,966,1013,1003,991,981,997,981,1000,1011,993,966,1017,976,1002,1026,1027,1014,1007,976,1017,1013,970,996,1027,1018,1022,981,973,974,981,991,973,971,976,1007,1002,1008,1017,1013,966,970,1015,985,1005,1020,977,985,997,967,969,1020,1026,1024,1008,1002,1010,1020,1027,1026,975,979,1010,1034,1035,1036,1028,1039,1030,1029,1041,1028,1038,1044,1037,1042,1039,1028,1037,1033,1059,1037,1045,1040,1028,1046,1029,1037,1043,1047,1037,1044,1049,1030,1048,1028,1050,1034,1036,1050,1036,1051,1041,1054,1028,1032,1042,1028,1037,1059,1055,1037,1047,1045,1054,1032,1028,1028,1052,1053,1038,1034,1050,1056,1046,1028,1057,1051,1035,1036,1035,1051,1053,1056,1028,1050,1051,1057,1047,1043,1054,1044,1039,1049,1040,1031,1037,1031,1033,1037,1048,1050,1052,1056,1033,1046,1041,1029,1040,1040,1045,1041,1031,1040,1029,1047,1054,1045,1054,1041,1045,1032,1054,1043,1028,1048,1052,1033,1031,1046,1032,1043,1042,1049,1042,1043,1046,1031,1029,1049,1039,1042,1037,1055,1058,1030,1044,1038,1048,1030,1038,1039,1044,1030,1038,1050,1048,1057,1052,1050,1056,1059,1033,1058,1038,1037,1034,1038,1058,1059,1056,1053,1052,1057,1055,1058,1055,1057,1035,1058,1057,1035,1034,1058,1053,1052,1055,1053,1055,1059,1037,1049,1043,1075,1076,1069,1076,1077,1069,1069,1070,1072,1079,1063,1080,1072,1063,1085,1060,1084,1085,1065,1079,1078,1079,1062,1064,1074,1081,1069,1079,1060,1063,1070,1069,1071,1071,1082,1080,1062,1077,1076,1073,1074,1069,1079,1064,1078,1076,1064,1062,1070,1080,1072,1080,1070,1071,1079,1082,1083,1062,1066,1077,1065,1061,1079,1060,1085,1063,1063,1072,1080,1080,1082,1079,1085,1073,1069,1066,1079,1083,1061,1084,1079,1065,1081,1074,1079,1066,1062,1065,1078,1081,1076,1075,1064,1079,1084,1060,1069,1067,1071,1073,1085,1084,1081,1075,1069,1077,1068,1069,1074,1073,1061,1084,1061,1073,1068,1067,1069,1068,1066,1067,1061,1065,1074,1075,1081,1078,1078,1064,1075,1077,1066,1068,1083,1067,1066,1082,1067,1083,1067,1082,1071,1072,1085,1069,1097,1177,1103,1107,1092,1106,1105,1103,1109,1106,1124,1107,1106,1127,1124,1180,1110,1091,1092,1107,1093,1091,1113,1094,1086,1277,1098,1090,1117,1097,1090,1114,1117,1098,1281,1101,1112,1088,1343,1110,1113,1091,1112,1120,1088,1113,1119,1094,1115,1122,1095,1106,1092,1295,1106,1295,1307,1094,1119,1102,1119,1125,1102,1282,1118,1116,1103,1185,1109,1102,1125,1104,1112,1208,1211,1126,1129,1131,1112,1211,1120,1143,1149,1110,1110,1149,1113,1183,1135,1181,1129,1134,1138,1106,1307,1127,1186,1135,1183,1134,1151,1138,1119,1158,1125,1129,1138,1131,1122,1089,1095,1116,1135,1265,1122,1142,1089,1118,1135,1116,1139,1280,1141,1121,1135,1118,1123,1135,1121,1089,1142,1099,1137,1126,1131,1320,1144,1134,1135,1123,1147,1137,1148,1140,1147,1150,1135,1150,1153,1135,1151,1134,1144,1131,1148,1137,1162,1146,1104,1133,1145,1152,1148,1155,1140,1113,1156,1119,1149,1156,1113,1148,1163,1155,1233,1115,1111,1090,1166,1152,1156,1158,1119,1302,1303,1135,1096,1160,1100,1131,1138,1161,1157,1160,1096,1303,1335,1135,1205,1100,1160,1335,1338,1135,1144,1159,1226,1161,1148,1131,1161,1163,1148,1104,1125,1162,1162,1165,1146,1132,1166,1136,1200,1201,1135,1201,1178,1135,1133,1166,1132,1189,1195,1162,1162,1195,1165,1146,1165,1154,1149,1176,1232,1154,1168,1157,1152,1166,1133,1165,1168,1154,1149,1232,1156,1350,1166,1090,1152,1145,1170,1164,1171,1167,1152,1114,1090,1216,1160,1157,1114,1152,1170,1169,1171,1164,1171,1257,1167,1143,1176,1149,1135,1178,1179,1132,1173,1172,1175,1176,1143,1179,1181,1135,1167,1257,1255,1132,1172,1328,1173,1132,1136,1177,1097,1117,1165,1198,1168,1173,1136,1128,1177,1185,1103,1133,1132,1328,1135,1186,1310,1182,1190,1175,1155,1174,1140,1125,1189,1162,1125,1158,1189,1174,1192,1180,1109,1185,1191,1175,1190,1176,1194,1171,1169,1189,1167,1195,1155,1192,1174,1188,1194,1169,1192,1110,1180,1195,1198,1165,1182,1202,1190,1199,1202,1182,1203,1192,1155,1158,1164,1189,1202,1204,1190,1163,1203,1155,1184,1089,1188,1164,1167,1189,1095,1089,1184,1137,1140,1193,1203,1143,1192,1089,1099,1188,1193,1140,1197,1198,1195,1255,1183,1181,1318,1188,1099,1194,1140,1174,1197,1143,1110,1192,1177,1117,1233,1099,1209,1194,1187,1206,1121,1205,1108,1100,1233,1185,1177,1208,1112,1108,1199,1207,1202,1121,1206,1123,1203,1163,1267,1203,1175,1143,1205,1208,1108,1199,1305,1207,1203,1267,1175,1210,1147,1123,1212,1161,1138,1206,1210,1123,1200,1230,1201,1210,1215,1147,1200,1088,1230,1157,1168,1216,1209,1238,1214,1212,1138,1151,1201,1220,1178,1234,1238,1209,1212,1217,1161,1147,1215,1150,1160,1219,1205,1221,1178,1220,1264,1204,1202,1222,1206,1187,1160,1216,1219,1205,1219,1224,1161,1217,1163,1220,1236,1237,1220,1237,1221,1197,1222,1187,1230,1236,1220,1222,1227,1206,1205,1224,1208,1178,1221,1179,1208,1228,1211,1208,1224,1228,1206,1227,1210,1225,1111,1207,1242,1226,1159,1099,1142,1234,1201,1230,1220,1231,1212,1151,1232,1235,1156,1234,1209,1099,1215,1250,1244,1219,1216,1249,1156,1235,1158,1197,1174,1222,1158,1235,1164,1174,1180,1222,1222,1180,1227,1239,1232,1176,1233,1117,1114,1238,1240,1214,1190,1239,1176,1241,1235,1232,1224,1252,1228,1180,1091,1227,1214,1240,1223,1221,1237,1243,1233,1191,1185,1239,1241,1232,1198,1247,1168,1241,1169,1235,1233,1196,1191,1226,1246,1231,1168,1247,1216,1210,1248,1215,1233,1213,1196,1242,1246,1226,1088,1120,1230,1210,1227,1248,1233,1218,1213,1235,1169,1164,1246,1288,1231,1233,1225,1218,1247,1249,1216,1219,1249,1251,1190,1204,1239,1215,1248,1250,1230,1120,1236,1111,1225,1233,1204,1184,1239,1219,1251,1224,1239,1184,1241,1241,1188,1169,1233,1122,1115,1184,1188,1241,1252,1224,1251,1105,1109,1242,1233,1142,1122,1250,1253,1244,1195,1167,1255,1227,1091,1248,1242,1254,1246,1151,1144,1226,1233,1240,1238,1242,1109,1254,1091,1094,1248,1198,1324,1247,1233,1287,1240,1248,1094,1250,1237,1308,1256,1254,1297,1246,1226,1231,1151,1324,1198,1255,1250,1102,1253,1094,1102,1250,1105,1159,1087,1257,1259,1255,1171,1194,1260,1102,1104,1253,1242,1159,1105,1109,1191,1254,1260,1257,1171,1260,1262,1257,1261,1245,1258,1202,1207,1264,1257,1262,1259,1135,1263,1265,1267,1163,1217,1217,1276,1267,1336,1261,1269,1264,1095,1204,1207,1111,1264,1264,1115,1095,1270,1124,1127,1209,1260,1194,1111,1115,1264,1314,1283,1266,1127,1273,1270,1272,1217,1212,1263,1268,1274,1095,1184,1204,1209,1214,1260,1336,1269,1086,1212,1231,1272,1277,1086,1269,1272,1276,1217,1260,1214,1262,1214,1223,1262,1269,1286,1292,1263,1274,1265,1269,1292,1277,1265,1274,1278,1124,1270,1275,1267,1182,1175,1280,1139,1275,1279,1251,1249,1267,1276,1182,1281,1098,1277,1265,1278,1116,1231,1288,1272,1279,1249,1327,1251,1279,1285,1284,1145,1141,1101,1281,1126,1141,1280,1284,1278,1282,1116,1284,1170,1145,1269,1261,1286,1251,1285,1252,1118,1282,1187,1266,1283,1289,1287,1229,1223,1283,1321,1289,1261,1341,1286,1276,1272,1291,1282,1197,1187,1223,1240,1287,1237,1256,1243,1287,1293,1229,1279,1327,1290,1118,1187,1121,1286,1312,1316,1243,1256,1258,1286,1316,1292,1288,1291,1272,1327,1333,1290,1243,1258,1245,1279,1290,1295,1291,1199,1276,1277,1294,1281,1098,1101,1268,1293,1130,1229,1291,1288,1301,1101,1274,1268,1277,1292,1294,1130,1293,1273,1279,1295,1285,1296,1278,1274,1281,1294,1129,1199,1182,1276,1120,1309,1236,1092,1285,1295,1127,1130,1273,1101,1296,1274,1153,1298,1135,1246,1297,1288,1273,1233,1270,1296,1193,1278,1300,1135,1298,1281,1129,1126,1233,1275,1270,1300,1302,1135,1299,1259,1262,1297,1301,1288,1280,1275,1233,1296,1137,1193,1291,1301,1305,1266,1289,1271,1233,1284,1280,1301,1218,1305,1299,1229,1304,1278,1193,1282,1233,1170,1284,1150,1244,1153,1282,1193,1197,1291,1305,1199,1233,1114,1170,1215,1244,1150,1333,1304,1290,1290,1307,1295,1233,1234,1142,1283,1317,1321,1126,1296,1101,1290,1304,1307,1306,1298,1153,1234,1233,1238,1296,1126,1137,1254,1196,1297,1308,1237,1236,1236,1309,1308,1244,1306,1153,1196,1254,1191,1262,1223,1299,1306,1311,1298,1196,1213,1297,1120,1211,1309,1135,1310,1263,1297,1213,1301,1179,1221,1313,1233,1293,1287,1299,1223,1229,1221,1243,1313,1298,1311,1300,1266,1308,1309,1307,1304,1130,1273,1293,1233,1313,1181,1179,1300,1315,1302,1266,1309,1314,1308,1266,1271,1311,1315,1300,1308,1271,1256,1301,1213,1218,1302,1319,1303,1211,1228,1314,1218,1225,1305,1315,1319,1302,1229,1130,1304,1309,1211,1314,1305,1225,1207,1307,1130,1127,1318,1181,1313,1314,1322,1283,1320,1294,1292,1228,1252,1322,1292,1316,1320,1183,1318,1323,1244,1253,1306,1322,1314,1228,1329,1311,1306,1320,1134,1294,1318,1336,1323,1253,1329,1306,1183,1323,1186,1317,1325,1321,1326,1310,1186,1331,1319,1315,1252,1345,1322,1324,1327,1247,1294,1134,1129,1093,1325,1317,1321,1325,1328,1259,1333,1324,1253,1104,1329,1324,1333,1327,1326,1186,1323,1247,1327,1249,1310,1326,1268,1330,1311,1329,1312,1347,1316,1321,1328,1172,1098,1268,1326,1324,1255,1259,1312,1128,1347,1311,1330,1315,1086,1098,1326,1093,1107,1332,1330,1331,1315,1310,1268,1263,1348,1320,1316,1332,1325,1093,1146,1329,1104,1334,1328,1325,1329,1146,1330,1245,1318,1313,1146,1154,1330,1331,1330,1154,1259,1299,1333,1313,1243,1245,1154,1157,1331,1334,1325,1332,1336,1318,1245,1337,1258,1256,1328,1334,1133,1261,1336,1245,1135,1338,1339,1333,1299,1304,1339,1200,1135,1303,1340,1335,1337,1256,1271,1323,1336,1086,1319,1340,1303,1337,1341,1258,1340,1342,1335,1107,1124,1139,1124,1275,1139,1335,1342,1338,1139,1332,1107,1338,1343,1339,1332,1139,1141,1342,1343,1338,1332,1141,1334,1343,1088,1339,1334,1145,1133,1258,1341,1261,1334,1141,1145,1326,1323,1086,1317,1322,1345,1339,1088,1200,1271,1344,1337,1345,1092,1093,1344,1271,1289,1096,1319,1331,1337,1344,1346,1331,1157,1096,1093,1317,1345,1285,1092,1345,1344,1173,1346,1096,1340,1319,1322,1317,1283,1340,1100,1342,1337,1346,1341,1341,1312,1286,1096,1100,1340,1341,1346,1312,1252,1285,1345,1289,1321,1172,1342,1108,1343,1100,1108,1342,1289,1172,1344,1108,1112,1343,1344,1172,1173,1346,1173,1128,1128,1312,1346,1316,1347,1348,1144,1320,1348,1349,1347,1128,1349,1128,1136,1347,1349,1087,1347,1087,1348,1348,1159,1144,1348,1087,1159,1136,1350,1349,1136,1166,1350,1349,1350,1351,1350,1097,1351,1350,1090,1097,1349,1351,1087,1087,1351,1105,1351,1097,1103,1351,1103,1105,1355,1354,1353,1356,1368,1359,1364,1369,1365,1370,1358,1363,1353,1354,1359,1372,1373,1374,1359,1354,1366,1354,1352,1366,1374,1373,1365,1365,1369,1376,1363,1375,1370,1376,1379,1380,1375,1371,1367,1369,1379,1376,1356,1381,1377,1380,1360,1383,1383,1372,1374,1371,1377,1367,1379,1360,1380,1371,1356,1377,1366,1384,1357,1360,1388,1383,1368,1387,1353,1382,1384,1378,1357,1384,1363,1359,1366,1386,1360,1377,1381,1382,1375,1363,1382,1389,1385,1373,1364,1365,1386,1366,1357,1384,1382,1363,1359,1368,1353,1387,1355,1353,1375,1385,1371,1360,1381,1388,1389,1382,1378,1352,1384,1366,1382,1385,1375,1352,1378,1384,1381,1356,1386,1362,1361,1358,1371,1385,1368,1364,1370,1369,1383,1388,1372,1389,1387,1385,1371,1368,1356,1356,1359,1386,1358,1370,1364,1381,1386,1361,1355,1387,1389,1367,1369,1370,1358,1361,1357,1376,1374,1365,1388,1361,1362,1370,1375,1367,1376,1380,1374,1388,1381,1361,1385,1387,1368,1379,1369,1367,1380,1383,1374,1362,1373,1372,1367,1377,1379,1361,1386,1357,1360,1379,1377,1372,1388,1362,1357,1363,1358,1355,1389,1378,1355,1378,1352,1373,1362,1364,1358,1364,1362,1354,1355,1352,1390,1391,1392,1392,1394,1390,1392,1397,1394,1392,1398,1397,1392,1400,1398,1391,1400,1392,1403,1404,1405,1414,1402,1399,1416,1417,1418,1417,1407,1418,1415,1399,1402,1390,1419,1391,1402,1414,1420,1423,1403,1405,1419,1422,1391,1411,1415,1402,1415,1393,1409,1414,1419,1390,1411,1412,1415,1407,1402,1420,1423,1410,1403,1412,1393,1415,1410,1396,1403,1407,1417,1408,1414,1399,1419,1413,1417,1416,1402,1407,1411,1394,1414,1390,1425,1408,1417,1396,1395,1393,1405,1426,1408,1408,1411,1407,1394,1397,1420,1420,1414,1394,1406,1399,1409,1409,1395,1421,1422,1400,1391,1421,1425,1413,1416,1400,1422,1421,1395,1423,1417,1413,1425,1411,1426,1412,1393,1395,1409,1421,1423,1425,1415,1409,1399,1411,1408,1426,1395,1410,1423,1423,1405,1425,1396,1401,1424,1396,1424,1404,1422,1406,1413,1418,1420,1397,1413,1416,1422,1404,1403,1396,1405,1408,1425,1426,1424,1412,1398,1418,1397,1395,1396,1410,1406,1421,1413,1405,1404,1426,1404,1424,1426,1419,1406,1422,1400,1416,1398,1396,1393,1401,1406,1409,1421,1419,1399,1406,1416,1418,1398,1418,1407,1420,1393,1412,1401,1424,1401,1412,1429,1430,1428,1427,1428,1430,1429,1428,1431,1431,1428,1427,1427,1430,1431,1430,1429,1431,];